# Integrands of the sigma_i: q^(2-i) * P(q) / (2 pi^2)
# Input Power Spectrum: WideA_ZA_pk.dat
# q 	 integrand_i=0 	 integrand_i=1 	 integrand_i=2 	 integrand_i=3 	 integrand_i=4
1.0e-7 	 2.9078444528007506e-16 	 2.9078444528007508e-9 	 0.029078444528007508 	 290784.4452800751 	 2.907844452800751e12
1.0655379505623064e-7 	 3.5089338081843254e-16 	 3.2931101199470076e-9 	 0.030905610806345896 	 290047.0207563829 	 2.7220712373812593e12
1.1353711240885178e-7 	 4.2342761691945817e-16 	 3.72942034490606e-9 	 0.0328475884737694 	 289311.4663290352 	 2.5481664998420317e12
1.2097810206889013e-7 	 5.109556251870861e-16 	 4.223538115155138e-9 	 0.03491159179162915 	 288577.7772554986 	 2.3853719997290913e12
1.2890675894140271e-7 	 6.16576813788663e-16 	 4.783122458838182e-9 	 0.03710528833489989 	 287845.94880526693 	 2.2329779382329624e12
1.3735504373605122e-7 	 7.440312789639593e-16 	 5.416847162844122e-9 	 0.039436827476488044 	 287115.9762598304 	 2.0903198634013599e12
1.4635701180190799e-7 	 8.978322436018391e-16 	 6.134535220062033e-9 	 0.04191487066137312 	 286387.8549126452 	 1.9567757730683025e12
1.5594895040582833e-7 	 1.0834258725971647e-15 	 6.947311089800535e-9 	 0.044548623583047155 	 285661.5800691033 	 1.8317634028681938e12
1.6616952500776907e-7 	 1.3073841241253939e-15 	 7.86777313147082e-9 	 0.04734787038178613 	 284937.1470465023 	 1.7147376875102722e12
1.770599351226898e-7 	 1.5776374657896328e-15 	 8.910188884325772e-9 	 0.05032300999179544 	 284214.55117401463 	 1.6051883842444333e12
1.8866408039732582e-7 	 1.9037556962290536e-15 	 1.0090716220171595e-8 	 0.05348509477225651 	 283493.7877926583 	 1.5026378481564773e12
2.0102873757128875e-7 	 2.2972868162144933e-15 	 1.1427653797009147e-8 	 0.056845871565783856 	 282774.85225526616 	 1.406638949592909e12
2.142037490358383e-7 	 2.7721659488171636e-15 	 1.2941724695739822e-8 	 0.06041782533682242 	 282057.7399264564 	 1.31677312463502e12
2.2824222375040976e-7 	 3.3452087887069844e-15 	 1.4656397636421025e-8 	 0.06421422555209709 	 281342.44618260214 	 1.2326485501221687e12
2.43200751326795e-7 	 4.036707053853399e-15 	 1.659825075305452e-8 	 0.06824917547541222 	 280628.9664118022 	 1.153898435267225e12
2.591396301439657e-7 	 4.8711470248552614e-15 	 1.879738356556688e-8 	 0.07253766455992834 	 279917.2960138511 	 1.0801794224154072e12
2.7612311041307533e-7 	 5.8780766157172174e-15 	 2.1287883534716518e-8 	 0.07709562413254804 	 279207.4304002093 	 1.0111700899737075e12
2.942196531724377e-7 	 7.0931516794585395e-15 	 2.4108354431718913e-8 	 0.08193998657727113 	 278499.36499397387 	 9.465695509835626e11
3.135022062565112e-7 	 8.559398598731306e-15 	 2.7302514712537317e-8 	 0.08708874823738266 	 277793.0952298486 	 8.860961412263715e11
3.3404849835132445e-7 	 1.0328737870378726e-14 	 3.091987517188542e-8 	 0.09256103627014803 	 277088.6165541149 	 8.294861911419106e11
3.559413523216862e-7 	 1.2463822634782824e-14 	 3.501650638085596e-8 	 0.09837717970237236 	 276385.9244246025 	 7.764928762051099e11
3.792690190732246e-7 	 1.5040257253195992e-14 	 3.965590780377504e-8 	 0.1045587849507918 	 275685.0143106597 	 7.268851407486934e11
4.0412553329506e-7 	 1.814927449392877e-14 	 4.4909992065949536e-8 	 0.11112881608784632 	 274985.8816931248 	 6.804466905394769e11
4.306110925171174e-7 	 2.1900966127821928e-14 	 5.086019962885961e-8 	 0.11811168015101202 	 274288.5220642962 	 6.369750497158705e11
4.5883246101008495e-7 	 2.642818132991789e-14 	 5.759876115072209e-8 	 0.12553331781261243 	 273592.9309279041 	 5.96280677974723e11
4.889034001561443e-7 	 3.1891230931577086e-14 	 6.52301270995288e-8 	 0.1334212997469353 	 272899.1037990811 	 5.581861441583829e11
5.209451270253212e-7 	 3.848356410283281e-14 	 7.387258677815076e-8 	 0.1418049290526526 	 272207.03620433324 	 5.225253526387287e11
5.550868030059811e-7 	 4.6438618478989045e-14 	 8.366010185705797e-8 	 0.15071535011102855 	 271516.7236815114 	 4.891428191251483e11
5.914660544591745e-7 	 5.603808629768633e-14 	 9.474438283516795e-8 	 0.1601856642843188 	 270828.1617797822 	 4.578929927389027e11
6.302295274956023e-7 	 6.762188925425853e-14 	 1.0729724061481773e-7 	 0.1702510528841676 	 270141.34605959983 	 4.2863962139807043e11
6.715334791115149e-7 	 8.160021528972167e-14 	 1.2151324964123066e-7 	 0.18094890786681414 	 269456.2720926766 	 4.0125515774609753e11
7.155444070664575e-7 	 9.846804353975594e-14 	 1.3761276388623987e-7 	 0.19231897074063617 	 268772.9354619555 	 3.756202030337338e11
7.624397210419138e-7 	 1.1882267177999257e-13 	 1.5584533242525084e-7 	 0.20440348020205457 	 268091.3317615804 	 3.5162298652963617e11
8.124084577862974e-7 	 1.4338486702272546e-13 	 1.7649356755028097e-7 	 0.21724732904824987 	 267411.4565968691 	 3.2915887818983203e11
8.656520431290936e-7 	 1.7302438821768946e-13 	 1.9987752537642494e-7 	 0.23089823094961198 	 266733.30558428366 	 3.081299324612188e11
9.223851039358476e-7 	 2.0879078482780928e-13 	 2.2635966684294022e-7 	 0.24540689770146554 	 266056.874351403 	 2.884444612300541e11
9.82836333277003e-7 	 2.519505618720382e-13 	 2.5635047600649534e-7 	 0.2608272276135374 	 265382.1585368942 	 2.700166340534531e11
1.0472494122981497e-6 	 3.0403235937275465e-13 	 2.903151396433511e-7 	 0.27721680836875845 	 264709.44276819075 	 2.5276637987057526e11
1.1158839925077481e-6 	 3.668793369318091e-13 	 3.287791019452783e-7 	 0.29463555723781515 	 264037.8025099857 	 2.366176092522022e11
1.18901674244199e-6 	 4.427181526201646e-13 	 3.723397129891668e-7 	 0.3131492599712763 	 263368.25108798186 	 2.2150087689015967e11
1.2669424629259076e-6 	 5.342337805477533e-13 	 4.216716987399577e-7 	 0.3328262419795599 	 262700.3606864064 	 2.0734987449999884e11
1.3499752754264296e-6 	 6.446668673400719e-13 	 4.775397587459035e-7 	 0.35373963319073265 	 262034.15694335106 	 1.941029304115069e11
1.438449888287663e-6 	 7.779279184328684e-13 	 5.408098848399351e-7 	 0.375967136042339 	 261369.64457614295 	 1.8170229404882397e11
1.532722945952615e-6 	 9.387357661731836e-13 	 6.124627863450835e-7 	 0.39959132076829895 	 260706.81712143726 	 1.7009389584064932e11
1.6331744666101668e-6 	 1.1327846909153478e-12 	 6.936091116257573e-7 	 0.42469994835604996 	 260045.6699752118 	 1.5922712195896936e11
1.740209374062485e-6 	 1.3669460599219813e-12 	 7.855066639084194e-7 	 0.4513862961642767 	 259386.19966775845 	 1.490545928173151e11
1.8542591299878541e-6 	 1.6495116336973577e-12 	 8.895798904375153e-7 	 0.4797494999759512 	 258728.40112648858 	 1.395319548073e11
1.9757834731786993e-6 	 1.9904871931503055e-12 	 1.0074419693105087e-6 	 0.5098949267399764 	 258072.27039896342 	 1.3061768857888513e11
2.105272272765707e-6 	 2.4019468446318746e-12 	 1.1409198115151275e-6 	 0.5419345641294631 	 257417.8034547146 	 1.2227292725256076e11
2.2432475028984204e-6 	 2.8984605605008063e-12 	 1.292082374662541e-6 	 0.5759874347316055 	 256764.99538610547 	 1.1446128661877415e11
2.3902653468423896e-6 	 3.4976101291858887e-12 	 1.463272742420139e-6 	 0.6121800428363174 	 256113.84260957682 	 1.0714870754743222e11
2.54691843897454e-6 	 4.220611710601946e-12 	 1.6571444322737253e-6 	 0.6506468393000199 	 255464.34049218646 	 1.0030330637326707e11
2.71383825371428e-6 	 5.093067119841238e-12 	 1.8767025311367174e-6 	 0.6915307235308437 	 254816.48458023756 	 9.389523647235953e10
2.8916976510203024e-6 	 6.14587041677605e-12 	 2.1253502815578076e-6 	 0.7349835764495994 	 254170.27129038505 	 8.789655834201892e10
3.081213588714002e-6 	 7.416301830024619e-12 	 2.406941815779782e-6 	 0.7811668183588534 	 253525.69559609366 	 8.228111693545627e10
3.283150012563047e-6 	 8.949347920676777e-12 	 2.725841915974567e-6 	 0.8302520157604957 	 252882.7536309696 	 7.702442857113081e10
3.4983209357750397e-6 	 1.0799294547915168e-11 	 3.0869936595804715e-6 	 0.8824215148506835 	 252241.44126593304 	 7.210357365627173e10
3.727593720314938e-6 	 1.3031649121753804e-11 	 3.495995030448968e-6 	 0.9378691168504268 	 251601.75362973512 	 6.7497096654749626e10
3.971892573273302e-6 	 1.5725460340132386e-11 	 3.959185715632982e-6 	 0.9968008053073177 	 250963.68718901122 	 6.318491312623491e10
4.23220227237928e-6 	 1.897611721155711e-11 	 4.4837453387805645e-6 	 1.0594355019472808 	 250327.23716007132 	 5.914822143397724e10
4.509572135676144e-6 	 2.289872688893227e-11 	 5.0778047672806414e-6 	 1.1260058858154396 	 249692.39917627163 	 5.536942123641934e10
4.8051202513612424e-6 	 2.76321907019401e-11 	 5.7505721514695035e-6 	 1.196759259009267 	 249059.16947036595 	 5.18320367528388e10
5.120037984840893e-6 	 3.334412251054341e-11 	 6.512475612342471e-6 	 1.2719584564849375 	 248427.54296957902 	 4.852064451574552e10
5.455594781168514e-6 	 4.0236784217169264e-11 	 7.375324933599833e-6 	 1.351882833941002 	 247797.51579193483 	 4.5420806663881294e10
5.813143282224713e-6 	 4.8554247750933985e-11 	 8.35249457886269e-6 	 1.4368292975682782 	 247169.08354242353 	 4.251900762505048e10
6.19412477926676e-6 	 5.85910376419056e-11 	 9.459130987807029e-6 	 1.5271134058308025 	 246542.24127715695 	 3.9802595211254654e10
6.600075022827089e-6 	 7.070256058812753e-11 	 1.0712387411293797e-5 	 1.6230705521140019 	 245916.9852615967 	 3.725972574721737e10
7.032630413380643e-6 	 8.531768991515605e-11 	 1.2131689695057235e-5 	 1.7250571950965685 	 245293.3104254116 	 3.487931200802248e10
7.493534597735756e-6 	 1.0295395246488609e-10 	 1.3739037449162456e-5 	 1.8334521940172053 	 244671.2122435787 	 3.2650975191001114e10
7.984645497739095e-6 	 1.2423585437360191e-10 	 1.5559345046537144e-5 	 1.948658215438979 	 244050.68653213905 	 3.056499961097128e10
8.507942799627444e-6 	 1.4991699413321635e-10 	 1.762082769759349e-5 	 2.071103216439712 	 243431.72788260915 	 2.861229014060471e10
9.065535934216358e-6 	 1.8090674868176398e-10 	 1.9955438927660254e-5 	 2.2012420525897167 	 242814.33205526156 	 2.6784332864293137e10
9.659672580093843e-6 	 2.1830247343493626e-10 	 2.259936572641217e-5 	 2.339558151586192 	 242198.49401598072 	 2.507315770879139e10
1.0292747724096079e-5 	 2.634283595073846e-10 	 2.5593589444602778e-5 	 2.486565310901996 	 241584.20837234394 	 2.347130376146085e10
1.0967313315588179e-5 	 3.1788232453956584e-10 	 2.8984521130416685e-5 	 2.642809619491776 	 240971.470718856 	 2.1971786871115997e10
1.168608855346652e-5 	 3.8359259185054993e-10 	 3.282472061507375e-5 	 2.8088714598467375 	 240360.2751250352 	 2.0568068950130928e10
1.2451970847350319e-5 	 4.6288597048953167e-10 	 3.717371138786678e-5 	 2.9853676854517412 	 239750.61635219006 	 1.9254029686650536e10
1.3268047497147244e-5 	 5.585702459500714e-10 	 4.209890310312571e-5 	 3.1729539038941015 	 239142.4890946702 	 1.8023939780596058e10
1.4137608138073613e-5 	 6.740335993295224e-10 	 4.767663615702437e-5 	 3.372326895143437 	 238535.88684931182 	 1.6872435883048508e10
1.5064158001295912e-5 	 8.133645852551305e-10 	 5.399336525713285e-5 	 3.5842272268047113 	 237930.80413099588 	 1.5794497383161247e10
1.6051432043647616e-5 	 9.81496898613773e-10 	 6.114699896836944e-5 	 3.809441973905903 	 237327.23432695196 	 1.4785424358499817e10
1.710341000337841e-5 	 1.1843840720701234e-9 	 6.92484172358713e-5 	 4.048807648427581 	 236725.17045593983 	 1.384081714752671e10
1.8224332442626684e-5 	 1.429210287936661e-9 	 7.842319011881832e-5 	 4.303213320197485 	 236124.60614097866 	 1.2956557222841457e10
1.941871784128255e-5 	 1.724644746655757e-9 	 8.881352315595771e-5 	 4.573603874461149 	 235525.53324288252 	 1.2128789097608452e10
2.06913808111479e-5 	 2.0811486383109635e-9 	 0.00010058046185055485 	 4.86098355487059 	 234927.94411534088 	 1.1353903650005257e10
2.2047451503814768e-5 	 2.511345545921899e-9 	 0.00011390638711632374 	 5.166419669711714 	 234331.83054367042 	 1.0628522326180195e10
2.3492396290496578e-5 	 3.0304684028621372e-9 	 0.00012899784106264452 	 5.491046527034292 	 233737.18283713757 	 9.949482374928764e9
2.5032039797173254e-5 	 3.656898868449758e-9 	 0.00014608872860863355 	 5.836069684785762 	 233143.99194286994 	 9.313823157519817e9
2.667258838387408e-5 	 4.412818130598723e-9 	 0.00016544394068881063 	 6.2027703613810505 	 232552.24697769372 	 8.718773132580261e9
2.842065516274511e-5 	 5.324992263851894e-9 	 0.00018736345919400545 	 6.592510205028937 	 231961.9363902157 	 8.161737829825976e9
3.0283286655749455e-5 	 6.425719908793932e-9 	 0.00021218700538813454 	 7.006736349333787 	 231373.04840733059 	 7.640288553798801e9
3.226799119945812e-5 	 7.75397574420809e-9 	 0.00024029930144329228 	 7.446986704500145 	 230785.56884647981 	 7.152151722737406e9
3.438276921143307e-5 	 9.356790396901749e-9 	 0.00027213603242261236 	 7.914895706891485 	 230199.4832998966 	 6.695199036596211e9
3.663614544020716e-5 	 1.1290915435051882e-8 	 0.0003081905942719731 	 8.412200316623442 	 229614.7756688203 	 6.267438151853837e9
3.903720332886092e-5 	 1.362483245002757e-8 	 0.0003490217353750462 	 8.94074640631359 	 229031.42755883673 	 5.867003986669035e9
4.159562163071843e-5 	 1.6441177453555787e-8 	 0.00039526221292036066 	 9.502495633541846 	 228449.4199390505 	 5.492150639487986e9
4.4321713424760855e-5 	 1.9839666021671282e-8 	 0.0004476285885325817 	 10.099532575437589 	 227868.73058466564 	 5.141243715035711e9
4.7226467688029544e-5 	 2.39406230949149e-8 	 0.0005069323255989164 	 10.734072447417198 	 227289.3352584562 	 4.812753237440772e9
5.032159359259998e-5 	 2.888924208739949e-8 	 0.0005740923533003489 	 11.408469253739451 	 226711.2076398375 	 4.505246981549812e9
5.361956770568817e-5 	 3.4860723706787146e-8 	 0.0006501492868822399 	 12.125224329499202 	 226134.31715923577 	 4.2173841907950816e9
5.71336842831558e-5 	 4.206647696051303e-8 	 0.0007362815384359014 	 12.886995608175273 	 225558.63095239998 	 3.947909780061206e9
6.0878108859147684e-5 	 5.076160067683632e-8 	 0.0008338235472176428 	 13.696607250840225 	 224984.11181808816 	 3.6956488306597843e9
6.486793534788508e-5 	 6.125391058961658e-8 	 0.0009442864222687747 	 14.557059928061385 	 224410.71771426426 	 3.4595014703451757e9
6.911924688779366e-5 	 7.391483140908898e-8 	 0.0010693813190569097 	 15.471541823841262 	 223838.4027672835 	 3.238438102930386e9
7.364918067322973e-5 	 8.919253728384897e-8 	 0.0012110458863022898 	 16.443440038736036 	 223267.1142900162 	 3.0314948822121816e9
7.847599703514606e-5 	 1.0762780691674162e-7 	 0.0013714742212009067 	 17.476352936130034 	 222696.79387830032 	 2.837769538354051e9
8.361915304916317e-5 	 1.298731517771564e-7 	 0.0015531507679920956 	 18.574103077544134 	 222127.37632756995 	 2.656417438203088e9
8.909938096776116e-5 	 1.5671589220380281e-7 	 0.00175888867578673 	 19.74075079627264 	 221558.78729859457 	 2.486647885676795e9
9.49387717927582e-5 	 1.8910599858073415e-7 	 0.001991873235873891 	 20.9806088520078 	 220990.94454061784 	 2.3277207021702247e9
0.00010116086432495807 	 2.2818967526341258e-7 	 0.002255711008265025 	 22.29825756548527 	 220423.7549202505 	 2.1789429775153503e9
0.00010779074004992735 	 2.753498744499689e-7 	 0.0025544854253939644 	 23.698560972962593 	 219857.1135329965 	 2.0396660550912013e9
0.00011485512424239381 	 3.3225516792358136e-7 	 0.0028928197162747375 	 25.186683966922025 	 219290.90350176513 	 1.909282715492665e9
0.00012238249369681925 	 4.0091869154169735e-7 	 0.0032759480496851266 	 26.768109970047696 	 218724.99212477973 	 1.7872245083241386e9
0.00013040319151841315 	 4.837692456917682e-7 	 0.0037097960568201215 	 28.448659987714272 	 218159.23104686645 	 1.6729592926877255e9
0.00013894954943731373 	 5.837370432710757e-7 	 0.004201071868422468 	 30.234512349518315 	 217593.45368124737 	 1.5659889115323355e9
0.00014805601813899116 	 7.043571166638392e-7 	 0.00475736903853923 	 32.13222331883284 	 217027.47191720328 	 1.465847012807433e9
0.00015775930613623614 	 8.498940225345617e-7 	 0.005387282965105203 	 34.148749110578045 	 216461.07571675183 	 1.3720970319799876e9
0.00016809852774253637 	 1.02549219562394e-6 	 0.006100542398530746 	 36.291468345722095 	 215894.0285384709 	 1.2843302760458393e9
0.00017911536074332322 	 1.237357230046195e-6 	 0.006908158099401416 	 38.568205824072116 	 215326.06507903765 	 1.2021641482084014e9
0.0001908542144006686 	 1.4929744212610827e-6 	 0.00782259079763791 	 40.987257327289626 	 214756.88894793432 	 1.1252404858982353e9
0.00020336240846866724 	 1.8013721709398973e-6 	 0.008857940779244072 	 43.55741479433179 	 214186.16706166143 	 1.053223989008086e9
0.0002166903639411183 	 2.173439470144827e-6 	 0.010030162073729407 	 46.287993112859056 	 213613.5279436652 	 9.85800771471826e8
0.00023089180630041925 	 2.622308454689687e-6 	 0.01135730408413772 	 49.18885717997477 	 213038.55675144173 	 9.226769895604345e8
0.00024602398208697777 	 3.1638153099225756e-6 	 0.012859784168537117 	 52.27044965067979 	 212460.79023385784 	 8.635775603320891e8
0.0002621478896621356 	 3.817055511278124e-6 	 0.01456069517171267 	 55.543819904401865 	 211879.7140651732 	 8.082449732410603e8
0.0002793285250948253 	 4.605052476403807e-6 	 0.01648615183444119 	 59.02065257690579 	 211294.75608289454 	 7.564381618782581e8
0.00029763514416313193 	 5.5555627251799445e-6 	 0.018665681234656135 	 62.71329713814169 	 210705.28251787674 	 7.079314612201525e8
0.0003171415415268999 	 6.702045132968217e-6 	 0.021132662409032756 	 66.63479753326571 	 210110.59356162514 	 6.625136289305815e8
0.00033792634819674314 	 8.084827343576108e-6 	 0.023924820857322032 	 70.79892108144473 	 209509.91675921375 	 6.19986922822708e8
0.000360073348498562 	 9.75250925004458e-6 	 0.027084785060351467 	 75.22018825689243 	 208902.40438662408 	 5.801662501757147e8
0.0003836718178112645 	 1.1763650979799967e-5 	 0.03066071166474555 	 79.91390099918192 	 208287.12792893508 	 5.428783618175352e8
0.00040881688243912936 	 1.4188802528475835e-5 	 0.034706987744295204 	 84.8961704742291 	 207663.0739115078 	 5.079611014900484e8
0.0004356099030694608 	 1.711294345762064e-5 	 0.039285019318975115 	 90.18394449290301 	 207029.14203151758 	 4.752627076949291e8
0.00046415888336127773 	 2.0638414079926195e-5 	 0.044464115241035475 	 95.79503233686225 	 206384.14079926218 	 4.446411524103552e8
0.0004945789053120645 	 2.488843622090813e-5 	 0.05032247828120423 	 101.74812904616756 	 205726.78687532686 	 4.1596352910668397e8
0.0005269925931575656 	 3.0011340111851413e-5 	 0.05694831483690002 	 108.06283727003549 	 205055.70414672937 	 3.891054766407689e8
0.0005615306076746273 	 3.6185636639969495e-5 	 0.0644410761326422 	 114.75968585132205 	 204369.42222358478 	 3.6395063676031065e8
0.0005983321728796288 	 4.3626101724146907e-5 	 0.07291284624422747 	 121.86014650242771 	 203666.37801865832 	 3.403901499036247e8
0.0006375456372456507 	 5.259107016578503e-5 	 0.08248989106566709 	 129.38664504402087 	 202944.91481896426 	 3.183221764260434e8
0.0006793290717006702 	 6.339117494659304e-5 	 0.09331438560092244 	 137.3625676983233 	 202203.28176805712 	 2.9765144786436146e8
0.0007238509068173255 	 7.639981194021077e-5 	 0.10554633726457623 	 145.81226088207748 	 201439.6328149871 	 2.7828884500634235e8
0.0007712906117627993 	 9.206566072220123e-5 	 0.11936572197058565 	 154.76102023045897 	 200652.02126180392 	 2.6015099652673063e8
0.0008218394177456806 	 0.00011092765520253489 	 0.13497485373336235 	 164.2350693078225 	 199838.39392654353 	 2.431599040049741e8
0.0008757010888760508 	 0.0001336328662150778 	 0.1526010049691654 	 174.2615224619927 	 198996.58076896393 	 2.272425868790149e8
0.0009330927435461663 	 0.00016095784171096564 	 0.17249929637139225 	 184.86832907500533 	 198124.2811646179 	 2.123307490439351e8
0.0009942457296427418 	 0.00019383404826636745 	 0.1949558770908848 	 196.08419858231375 	 197219.050317442 	 1.9836047009053576e8
0.001059406557118851 	 0.00023337816571668822 	 0.22029141140241817 	 207.938500967485 	 196278.2838846986 	 1.852719171556712e8
0.0011288378916846896 	 0.000280928122062992 	 0.24886489382787455 	 220.46114474104508 	 195299.2067018822 	 1.730090814106316e8
0.0012028196136227775 	 0.0003380859065696869 	 0.28107781311563795 	 233.6824324547373 	 194278.86759420906 	 1.6151953742179152e8
0.0012816499459957584 	 0.0004067683708622899 	 0.3173786821691451 	 247.63289161812637 	 193214.1396266605 	 1.5075422133033815e8
0.001365646656794611 	 0.0004892674352647334 	 0.3582679552067454 	 262.34308371365773 	 192101.72880986542 	 1.406672273930349e8
0.0014551483398731937 	 0.0005883213300484665 	 0.4043033372801942 	 277.8433828371247 	 190938.18494225605 	 1.3121561541890293e8
0.0015505157798326253 	 0.0007071987494592973 	 0.4561054835157098 	 294.1637160022617 	 189719.91116015348 	 1.2235922628316194e8
0.0016521334063573701 	 0.0008497980664629142 	 0.5143640720494552 	 311.3332555774216 	 188443.1695282104 	 1.1406050431707604e8
0.0017604108438655525 	 0.0010207640531921408 	 0.5798442203132097 	 329.38005485127195 	 187104.081981233 	 1.0628432711217876e8
0.0018757845627201612 	 0.0012256249181680048 	 0.6533932214425893 	 348.3306315812056 	 185698.63432294983 	 9.899784762790655e7
0.0019987196386572507 	 0.0014709528759269928 	 0.7359475773776786 	 368.2095092997093 	 184222.6904555129 	 9.217035090487958e7
0.0021297116275234783 	 0.0017645519531236267 	 0.8285403198814877 	 389.0387361245478 	 182672.02521542273 	 8.577312667811356e7
0.002269288562880081 	 0.002115676228655706 	 0.9323081529880812 	 410.8371972777393 	 181042.28964002835 	 7.977931612639754e7
0.0024180130845257207 	 0.0025352856472085823 	 1.0484995566952706 	 433.6202989988897 	 179329.1780651972 	 7.416385759565547e7
0.002576484706518377 	 0.0030363416432230782 	 1.1784823079063058 	 457.3993025942691 	 177528.43688032447 	 6.890335363962628e7
0.0027453422338387145 	 0.0036341471174289133 	 1.3237501221650658 	 482.1803656566755 	 175635.79495240556 	 6.3975919937245965e7
0.0029252663374366447 	 0.0043467403715541555 	 1.485929782162373 	 507.9639290090983 	 173647.07018582703 	 5.936111456367104e7
0.003116982298041147 	 0.00519534621050252 	 1.6667872043314174 	 534.7438788404098 	 171558.20203934656 	 5.503983841908936e7
0.0033212629297937482 	 0.0062048908140497055 	 1.868232339688635 	 562.5066064265658 	 169365.27408912417 	 5.099423853794129e7
0.003538931695490988 	 0.007404586416812388 	 2.0923225012358095 	 591.2299759562109 	 167064.53439310705 	 4.720761765647152e7
0.0037708660259934555 	 0.008828591667084953 	 2.3412636795440145 	 620.8822226526056 	 164652.4215850471 	 4.3664352021540865e7
0.004018000857182091 	 0.010516752502475718 	 2.6174092232153825 	 651.4207727300056 	 162125.59326999765 	 4.034981550096029e7
0.004281332398719396 	 0.012515428434921535 	 2.92325548903072 	 682.7910605364596 	 159480.97389978214 	 3.7250313464912236e7
0.004561922149807464 	 0.014878408095238941 	 3.261434019838959 	 714.9254004644968 	 156715.82657206684 	 3.435302519984499e7
0.004860901178130631 	 0.017667913874617438 	 3.6346992516749808 	 747.7418524835731 	 153827.8243235412 	 3.1645947672340702e7
0.005179474679231213 	 0.02095569183996754 	 4.045910664260258 	 781.1430530751799 	 150815.11185051774 	 2.911783939310679e7
0.00551892683469738 	 0.024824173836195517 	 4.498007416972163 	 815.0148664217256 	 147676.33107540832 	 2.6758160689315584e7
0.005880625988746757 	 0.02936769051030564 	 4.99397352705376 	 849.2248166454206 	 144410.61517438933 	 2.4557014074817095e7
0.006266030164072656 	 0.03469370953856108 	 5.536792615120707 	 883.6204854018808 	 141017.59204228994 	 2.250509307325684e7
0.006676692939187563 	 0.040924066358852755 	 6.129391711075527 	 918.0280966794569 	 137497.42650156454 	 2.0593642354667813e7
0.007114269710955738 	 0.04819614378911793 	 6.7745736030920325 	 952.2514436948342 	 133850.90562821913 	 1.88144266476281e7
0.007580524367559262 	 0.05666392277639221 	 7.4749344542555125 	 986.0708958663046 	 130079.51007798089 	 1.715969816476736e7
0.00807733639879671 	 0.06649877590321719 	 8.232760481923668 	 1019.2419970462182 	 126185.40899176315 	 1.5622155963513063e7
0.008606708472376167 	 0.07788987754342369 	 9.049903083555892 	 1051.494088896143 	 122171.4540780586 	 1.4194910222668333e7
0.00917077450674293 	 0.09104410238186689 	 9.927635044883672 	 1082.529620326424 	 118041.24281220525 	 1.287145842757489e7
0.0097718082729839 	 0.10618523099231872 	 10.86648735074846 	 1112.0242075144904 	 113799.22491816606 	 1.1645666977808658e7
0.010412232560483054 	 0.12355217727955337 	 11.866060094399334 	 1139.626878815011 	 109450.77073481542 	 1.0511748570638694e7
0.011094628943275224 	 0.14339590956758208 	 12.92480445274364 	 1164.960497446626 	 105002.2045264292 	 9.464237611125704e6
0.011821748186466717 	 0.16597488222480747 	 14.039791713277394 	 1187.623986894751 	 100460.94436813646 	 8.497977015205076e6
0.012596521334671401 	 0.19154862926962743 	 15.206470435801808 	 1207.196021170276 	 95835.66677631221 	 7.60810578016714e6
0.013422071527160127 	 0.22036905508157564 	 16.418408636524514 	 1223.2395426668063 	 91136.41960494172 	 6.790041270494152e6
0.01430172658735088 	 0.2526693999342307 	 17.667055679676007 	 1235.3092874325805 	 86374.83592541519 	 6.039469108702522e6
0.015239032437388288 	 0.2886506620710368 	 18.94153472387428 	 1242.961769501984 	 81564.3496139842 	 5.352331255222589e6
0.016237767391887217 	 0.3284655308521918 	 20.228490957217502 	 1245.767996856769 	 76720.39922675483 	 4.724812061606833e6
0.017301957388458945 	 0.3722006137987612 	 21.51205239050195 	 1243.330561249174 	 71860.68797502195 	 4.1533270693959594e6
0.01843589221641489 	 0.41985768109254556 	 22.773927953360133 	 1235.3038131283258 	 67005.37183811695 	 3.634506594612054e6
0.019644142809066276 	 0.47133604361070874 	 23.993719053659856 	 1221.4184801479928 	 62177.23481343645 	 3.16517933196556e6
0.02093157966932574 	 0.5264187387317787 	 25.149498845671015 	 1201.509835520271 	 57401.77542744316 	 2.742352767171357e6
0.022303392502884975 	 0.5847660434516883 	 26.21870387547759 	 1175.5477948965013 	 52707.129408427114 	 2.363188891627557e6
0.023765111138110754 	 0.6459218085454713 	 27.179414596115368 	 1143.668735153916 	 48123.85385060875 	 2.0249791204820103e6
0.025322627816987946 	 0.7093375905480621 	 28.012005534125322 	 1106.2045272936948 	 43684.42861809098 	 1.7251143496562715e6
0.026982220946965372 	 0.7744204138589084 	 28.70113677376901 	 1063.7054981568135 	 39422.45896835435 	 1.4610531522160745e6
0.028750580409448803 	 0.8406103565632596 	 29.238030835961673 	 1016.9544551647615 	 35371.61478766328 	 1.2302921987633507e6
0.030634834526960857 	 0.9074872943084042 	 29.622725512349355 	 966.9621517387088 	 31564.138232498455 	 1.0303348694349809e6
0.03264257879767322 	 0.9749076910809942 	 29.866135795327725 	 914.9441280496075 	 28029.161964214214 	 858668.7387030877
0.0347819065131413 	 1.0431608771580532 	 29.991480678723747 	 862.2724768520773 	 24790.834180590227 	 712750.8715263711
0.0370614413826623 	 1.1131216353482314 	 30.0344939058134 	 810.3973505969421 	 21866.320368642053 	 590001.8874838293
0.03949037229576702 	 1.1863788804671933 	 30.042230840005566 	 760.748230353498 	 19264.144299673844 	 487818.7563133907
0.04207849036297403 	 1.2652863174792883 	 30.06966995642617 	 714.609048400778 	 16982.763455544053 	 403597.26095325017
0.04483622838411908 	 1.3528856626210444 	 30.173939944962765 	 672.981225950984 	 15009.764429457515 	 334768.66744603234
0.04777470290335773 	 1.452631863191729 	 30.40587957459876 	 636.4430907316382 	 13321.759258641196 	 278845.46525782597
0.05090575902036684 	 1.5678248037710956 	 30.798574344875707 	 605.0115927463833 	 11884.934129050596 	 233469.34330741563
0.05424201813838027 	 1.7006883237081845 	 31.353706629599404 	 578.0335560083876 	 10656.56433604165 	 196463.27149655475
0.05779692884153313 	 1.8510626587195609 	 32.027007244533365 	 554.1299146247821 	 9587.532170508373 	 165883.07307461518
0.06158482110660264 	 2.014896880715175 	 32.71742686769213 	 531.257967138666 	 8626.443295484522 	 140074.1796513827
0.0656209640676756 	 2.1830358252569826 	 33.26735375307187 	 506.96228294913334 	 7725.614674394264 	 117730.89262185717
0.06992162756659374 	 2.3412878968152375 	 33.48445936252531 	 478.8855827280983 	 6848.890670801463 	 97950.96180046069
0.07450414773728913 	 2.472914752485428 	 33.191638688428895 	 445.500548579748 	 5979.540228426453 	 80257.81664547125
0.07938699688838231 	 2.564186951151948 	 32.29983563627153 	 406.865568698674 	 5125.09081645606 	 64558.31581161724
0.08458985796574305 	 2.611916046958278 	 30.877413791332337 	 365.0250104904655 	 4315.233755780655 	 51013.60682657991
0.09013370389517433 	 2.6295574646148987 	 29.17396435492188 	 323.674309322196 	 3591.0463604006536 	 39841.326886744246
0.0960408821250538 	 2.647385642292534 	 27.565194984833663 	 287.0152207571493 	 2988.4692269218212 	 31116.636590557006
0.1023352047097258 	 2.7039925864819234 	 26.422897126671206 	 258.1994847386083 	 2523.075861048914 	 24655.01357236376
0.10904204429677526 	 2.8297984060327246 	 25.95144308126669 	 237.9948326228708 	 2182.596943754375 	 20016.104410277658
0.11618843640511006 	 3.0262246504020993 	 26.045833337929345 	 224.16889445965404 	 1929.3563231891026 	 16605.40741302417
0.12380318840613977 	 3.249375289228557 	 26.24629729703642 	 212.00017249099204 	 1712.3967098126716 	 13831.604273349629
0.13191699564735718 	 3.418235886795834 	 25.912020433921356 	 196.4267023120343 	 1489.017403315685 	 11287.532709554367
0.14056256518642157 	 3.466278555068541 	 24.66004053405953 	 175.43817944240038 	 1248.114526152286 	 8879.423369209077
0.14977474763452012 	 3.4106352135281703 	 22.771764048308007 	 152.04007623418332 	 1015.124903466311 	 6777.677275366976
0.15959067764047313 	 3.3615152141106863 	 21.063355728606712 	 131.9836223520422 	 827.0133588214703 	 5182.090652466375
0.17004992358187931 	 3.4343272477271873 	 20.19599406684563 	 118.76508757806776 	 698.4130605673703 	 4107.105994852644
0.1811946470667124 	 3.6297474486429313 	 20.032310597489822 	 110.55685651747929 	 610.1552021941044 	 3367.401918719249
0.193069772888325 	 3.7995023065007065 	 19.679425990200997 	 101.92908861805067 	 527.9391335743078 	 2734.4473745233913
0.20572317011895566 	 3.8011491108843685 	 18.477010191348032 	 89.81492060745533 	 436.58145339448885 	 2122.1793011552545
0.21920584507173257 	 3.7114912569634457 	 16.931534173958287 	 77.24034077840233 	 352.3644214556702 	 1607.4590590427142
0.23357214690901226 	 3.7353836128758524 	 15.992418883450886 	 68.4688610996101 	 293.1379533291787 	 1255.0210168825063
0.24887998672586667 	 3.880265262328933 	 15.59090915013155 	 62.644286329476685 	 251.70479616939778 	 1011.3500867654839
0.26519107099185385 	 3.9314971491411725 	 14.82514903098657 	 55.903650811237036 	 210.80517757309516 	 794.9180822139017
0.28257115029208285 	 3.8594344916165095 	 13.658275049052818 	 48.33570247682677 	 171.05674951906457 	 605.3581526006807
0.30109028437025925 	 3.8738587051480073 	 12.866103312666887 	 42.73171198325707 	 141.923250936615 	 471.3644322115952
0.3208231245421079 	 3.946192711927663 	 12.300212827737505 	 38.33954564619643 	 119.50368509413471 	 372.4908709891014
0.341849214617593 	 3.9114606217102534 	 11.442064086898018 	 33.471084904195536 	 97.91183794772707 	 286.4182035850379
0.3642533115449638 	 3.892245868021248 	 10.685546965962958 	 29.335483377325243 	 80.53594146584454 	 221.09872144814557
0.3881257270691538 	 3.915901184291136 	 10.089259513563306 	 25.994822836790885 	 66.97526348764633 	 172.56074209095934
0.41356269178177096 	 3.8773558746225025 	 9.375497238199884 	 22.670074995902077 	 54.81653796727059 	 132.54710605326127
0.4406667430301787 	 3.866004981021962 	 8.77308088747056 	 19.90865211915877 	 45.178476556365275 	 102.52300013770555
0.46954713824934285 	 3.8414039497831975 	 8.181082657867893 	 17.42334686219194 	 37.10670440278489 	 79.02657982568766
0.5003202953826005 	 3.809088677089972 	 7.613300344286693 	 15.21685291312182 	 30.414222756015366 	 60.789504316944154
0.5331102621667034 	 3.7780524211427733 	 7.08681240872714 	 13.293333315184046 	 24.935429419715852 	 46.77349357030113
0.5680492161728428 	 3.7387737897387514 	 6.581777922216406 	 11.586633226184649 	 20.397234775268373 	 35.90751328325399
0.605277997619335 	 3.6974179381693983 	 6.108627692914652 	 10.092267878464046 	 16.673772907917872 	 27.547297231187585
0.6449466771037624 	 3.652299250139972 	 5.662947620012889 	 8.780489645195589 	 13.614287749532723 	 21.10916798683247
0.687215160543112 	 3.6033851935243666 	 5.243459982280631 	 7.630012088407186 	 11.10279942365812 	 16.156220149281165
0.7322538337604535 	 3.552095207143235 	 4.850906944251319 	 6.624624850838575 	 9.046896780066199 	 12.354864342063333
0.7802442493165049 	 3.4977209750967835 	 4.482853898841025 	 5.745449457356478 	 7.363654986742293 	 9.437628016089658
0.8313798583547334 	 3.4407377168135875 	 4.1385868111150375 	 4.977973389089713 	 5.987604028489357 	 7.202007564073756
0.8858667904100826 	 3.3815248711736716 	 3.817193406255028 	 4.308992556869622 	 4.864154073181722 	 5.490841428799948
0.9439246843247671 	 3.3203365843166766 	 3.5175863492666966 	 3.7265540436449003 	 3.9479357892951774 	 4.182469062263499
1.0057875736205837 	 3.2573507093399963 	 3.2386070327100476 	 3.219971212262916 	 3.2014426273649663 	 3.183020660953857
1.071704829896711 	 3.1927417451736235 	 2.979124154438433 	 2.7797991306296117 	 2.5938103973064335 	 2.420265659861233
1.1419421680558657 	 3.1267880036498727 	 2.7381316594807674 	 2.3977848756932962 	 2.0997428265351465 	 1.8387470795565048
1.2167827174109234 	 3.059754198855927 	 2.514626609232656 	 2.0666192683795606 	 1.6984291762270618 	 1.3958360452727243
1.2965281629896683 	 2.9917342618521783 	 2.3074965490556942 	 1.779750424961715 	 1.3727047940538237 	 1.0587543203755014
1.3814999616383223 	 2.9229815043927645 	 2.115802812564973 	 1.5315257845218033 	 1.1085963279402231 	 0.8024584572738876
1.4720406378260018 	 2.8537075015070164 	 1.9386064679039996 	 1.3169517322341389 	 0.8946435977332068 	 0.6077574047510471
1.5685151643735473 	 2.784009189926189 	 1.7749329130892402 	 1.1316007351437591 	 0.7214471117948748 	 0.4599554586282978
1.6713124336724878 	 2.714132313034394 	 1.6239526843406815 	 0.9716631382752658 	 0.5813773168312789 	 0.34785675324258747
1.780846825324682 	 2.6441714398228164 	 1.4847831953996007 	 0.833751209977813 	 0.46817682358829726 	 0.26289561624871344
1.8975598765218502 	 2.5743051128497045 	 1.3566397269994455 	 0.7149390877120098 	 0.3767676037830564 	 0.19855373653539515
2.021922061898354 	 2.5046586354756593 	 1.2387513261139604 	 0.6126602748233106 	 0.3030088480503015 	 0.14986178436858777
2.154434690031884 	 2.4353597362432162 	 1.1303938557576674 	 0.5246823498469283 	 0.24353597362432156 	 0.1130393855757667
2.2956319242369094 	 2.366524105857761 	 1.0308813363642417 	 0.4490621190097436 	 0.1956159061340011 	 0.08521222590987697
2.446082935796799 	 2.2982652354028557 	 0.9395696285556269 	 0.38411192638060204 	 0.15703144025060606 	 0.06419710384817916
2.6063941983143493 	 2.2306718545731354 	 0.8558459253844996 	 0.3283639619586349 	 0.12598399818837838 	 0.04833650960006619
2.7772119324293554 	 2.163849372781122 	 0.7791444893038116 	 0.28054916522782547 	 0.10101827734205944 	 0.03637398938211176
2.959224710757956 	 2.0978678008543183 	 0.7089248049422324 	 0.23956437048021717 	 0.08095511287443148 	 0.02735686566151179
3.1531662335543644 	 2.032808039498797 	 0.6446878752749237 	 0.20445730656839106 	 0.0648419053815375 	 0.020564061828242185
3.3598182862837818 	 1.968742646679256 	 0.5859670014644862 	 0.17440437295572042 	 0.051908870687356466 	 0.015449904210376711
3.5800138910285795 	 1.9057177587497989 	 0.5323213307985976 	 0.1486925322084869 	 0.04153406571441146 	 0.011601649317198108
3.814640664431178 	 1.8438008584182393 	 0.48334850399157553 	 0.12670879029274185 	 0.033216441976884364 	 0.008707620166325012
4.06464439570963 	 1.7830338585359111 	 0.43866909007291366 	 0.10792311635820928 	 0.026551674845682882 	 0.006532348776613539
4.331032859169 	 1.72345192000056 	 0.397930926880855 	 0.0918789904903207 	 0.021214106075369193 	 0.004898163270790692
4.61487987657694 	 1.6651023817788744 	 0.36081164110688707 	 0.07818440582564351 	 0.016941807352878775 	 0.0036711264011156154
4.917329645779018 	 1.6080017266696292 	 0.3270071039573115 	 0.06650095224712274 	 0.013523793814434717 	 0.00275023128173711
5.239601353002644 	 1.5521809412632488 	 0.2962402741524877 	 0.056538704797211736 	 0.01079065008730316 	 0.0020594410452847503
5.5829940874419215 	 1.4976622046139332 	 0.2682543060510653 	 0.04804846679928638 	 0.008606218463917766 	 0.001541505924800479
5.948892077934335 	 1.4444495236499242 	 0.2428098383239603 	 0.04081597634366102 	 0.006861105531743613 	 0.0011533417385722737
6.338770272838487 	 1.3925658458919374 	 0.21969022159693283 	 0.03465817692404808 	 0.005467649943484736 	 0.0008625726612799828
6.75420028560559 	 1.3420109089168395 	 0.1986927914733155 	 0.029417663538459978 	 0.004355462126456967 	 0.0006448523795984013
7.196856730011519 	 1.292786011891652 	 0.17963203387120683 	 0.024959790170912478 	 0.0034681515982981814 	 0.000481898101963832
7.668523970587012 	 1.2448993202270722 	 0.1623388444767132 	 0.021169503427174715 	 0.0027605708097635678 	 0.00035998724400573926
8.171103315457199 	 1.1983366189697668 	 0.14665542371773527 	 0.017948056468740103 	 0.0021965279076557424 	 0.0002688165628135666
8.706620680585127 	 1.1530982402852106 	 0.13243924165164353 	 0.015211325554467933 	 0.0017470986864499144 	 0.00020066323669592787
9.277234756314062 	 1.1091760761342964 	 0.11955891009219034 	 0.012887343398399923 	 0.0013891362821910733 	 0.0001497360278875805
9.885245709128279 	 1.0665510776159413 	 0.1078932288583441 	 0.0109145722861206 	 0.0011041275662011937 	 0.00011169449892192513
10.53310445370937 	 1.0252191953870295 	 0.0973330512284045 	 0.009240680338466346 	 0.000877298841863485 	 8.328967454172855e-5
11.223422532664179 	 0.9851584728168644 	 0.08777701008312752 	 0.007820877261607588 	 0.0006968353226340749 	 6.208759588316616e-5
11.958982643749794 	 0.9463519815228847 	 0.07913315118134093 	 0.006617047079895114 	 0.0005533118725072678 	 4.6267470151104296e-5
12.742749857031342 	 0.9087862873092281 	 0.07131790998846041 	 0.005596744092807236 	 0.00043921007283361207 	 3.4467448373496846e-5
13.577883567189284 	 0.8724327913273531 	 0.06425396027371832 	 0.004732251529169604 	 0.0003485264478629796 	 2.566868732805955e-5
14.46775022915648 	 0.8372762023884328 	 0.05787190054616037 	 0.0040000621817159 	 0.0002764812855045478 	 1.9110178232643408e-5
15.415936928422726 	 0.8032931325546075 	 0.05210796698795239 	 0.0033801362336842275 	 0.00021926245867367236 	 1.4223102993462111e-5
16.42626584070932 	 0.7704568994781434 	 0.04690395899771177 	 0.0028554243217876938 	 0.00017383283270084901 	 1.0582614112456281e-5
17.502809639301013 	 0.7387406032805625 	 0.042206972394979704 	 0.0024114398353626424 	 0.00013777444222143437 	 7.871561484167322e-6
18.64990791214297 	 0.7080708142377985 	 0.037966450964445404 	 0.002035744688032771 	 0.00010915575013146826 	 5.852884134639445e-6
19.872184654880556 	 0.6792138957021668 	 0.03417912562197099 	 0.0017199480688992433 	 8.655052772352478e-5 	 4.355360481328267e-6
21.17456691035713 	 0.6554589714248331 	 0.03095501193482395 	 0.0014618958709225313 	 6.90401781113867e-5 	 3.2605237407532068e-6
22.56230462970634 	 0.6293179572949535 	 0.027892450156282833 	 0.0012362411825411945 	 5.479232741647832e-5 	 2.4284898336288207e-6
24.040991835099717 	 0.604219499067929 	 0.025132885665131832 	 0.001045418002614932 	 4.348481168271216e-5 	 1.808777773437141e-6
25.61658916945728 	 0.5801220175301469 	 0.022646341153873355 	 0.0008840498242785046 	 3.451083274320373e-5 	 1.3472063948447547e-6
27.295447924020074 	 0.5569855917301544 	 0.02040580514672578 	 0.0007475900451799735 	 2.7388817624864548e-5 	 1.0034207059398468e-6
29.08433564064048 	 0.534771892843851 	 0.01838693857241136 	 0.0006321938654400171 	 2.1736575772307907e-5 	 7.47363668226091e-7
30.990463391994286 	 0.5134441206772649 	 0.016567810367427483 	 0.0005346099591304407 	 1.7250789456363714e-5 	 5.566483223616489e-7
33.02151484968176 	 0.4929669427017288 	 0.014928659237644868 	 0.00045208886707960165 	 1.369073675564459e-5 	 4.1460050569959034e-7
35.18567725739265 	 0.4733064355204528 	 0.01345167899023485 	 0.0003823055299414082 	 1.0865373633275293e-5 	 3.088010372457002e-7
37.49167443398888 	 0.4544300286695291 	 0.012120825103974442 	 0.00032329377887123785 	 8.62308189089973e-6 	 2.2999991387640694e-7
39.9488019395417 	 0.43630645066026214 	 0.01092164043669109 	 0.00027339093806166804 	 6.843532841746202e-6 	 1.7130758644785313e-7
42.56696454607874 	 0.41890567717344196 	 0.00984109817649733 	 0.00023119097829595863 	 5.431230080916256e-6 	 1.2759260940575055e-7
45.35671616408707 	 0.40219888131973125 	 0.008867460330785318 	 0.00019550490160499036 	 4.310384836894098e-6 	 9.503300065420108e-8
48.32930238571752 	 0.38615838588376844 	 0.007990150215739254 	 0.00016532724085213646 	 3.420848898927924e-6 	 7.078208726511368e-8
51.49670581618341 	 0.3707576174728705 	 0.007199637561211845 	 0.0001398077303606725 	 2.7148868679040124e-6 	 5.271962205883137e-8
54.87169437608604 	 0.3559710624943788 	 0.0064873349828525936 	 0.00011822734939418742 	 2.1546145191702476e-6 	 3.926641128306881e-8
58.46787276937592 	 0.3417742248887148 	 0.005845504696858546 	 9.99780635070459e-5 	 1.7099658115048101e-6 	 2.9246246365926444e-8
62.29973732441844 	 0.328143585548127 	 0.005267174463984631 	 8.45456929706854e-5 	 1.3570794453020534e-6 	 2.1783068494096926e-8
66.38273442923082 	 0.31505656335389837 	 0.0047460618497084245 	 7.14954255879305e-5 	 1.0770183874264808e-6 	 1.6224375158493454e-8
70.73332279644443 	 0.3024914777674695 	 0.004276505977783287 	 6.045956571402943e-5 	 8.547536482630584e-7 	 1.2084172133731919e-8
75.36903980898542 	 0.2904275129135007 	 0.0038534060358146726 	 5.1127174308982945e-5 	 6.78357777126512e-7 	 9.000483206973786e-9
80.30857221391513 	 0.27884468309537497 	 0.0034721658648422505 	 4.323530812618065e-5 	 5.383647963634103e-7 	 6.703702749556882e-9
85.57183144940007 	 0.2677237996860096 	 0.003128644031001239 	 3.656161119855491e-5 	 4.2726222612372574e-7 	 4.993024210033093e-9
91.1800339084568 	 0.2570464393391314 	 0.0028191088368885843 	 3.0918049884900475e-5 	 3.3908794019468856e-7 	 3.7188836816525755e-9
97.15578646301863 	 0.24679491346834673 	 0.0025401977839198155 	 2.614561495919459e-5 	 2.6911021886634265e-7 	 2.769883592767547e-9
103.52317759307388 	 0.2369522389434495 	 0.002288881045313881 	 2.2109841472515007e-5 	 2.135738294222746e-7 	 2.0630532638959833e-9
110.30787448822151 	 0.22750210995541764 	 0.00206242855291088 	 1.8697020158167427e-5 	 1.6949850810663442e-7 	 1.5365948160367572e-9
117.53722651306367 	 0.21842887100349023 	 0.0018583803402848962 	 1.5810993635096084e-5 	 1.3451902945267107e-7 	 1.1444802080447248e-9
125.24037545350731 	 0.20971749095957434 	 0.001674519819987503 	 1.3370447141538082e-5 	 1.0675828057144047e-7 	 8.524270243111184e-10
133.44837298838382 	 0.2013535381670145 	 0.0015088497046310302 	 1.1306617464436003e-5 	 8.472652915311452e-8 	 6.349011775549308e-10
142.19430585991677 	 0.1933231565324732 	 0.0013595703102410178 	 9.561355512930337e-6 	 6.724147957337856e-8 	 4.728844742884553e-10
151.5134292476053 	 0.18561304257131603 	 0.0012250600061858852 	 8.085487948291867e-6 	 5.336482705489065e-8 	 3.5221186214247133e-10
161.4433088831602 	 0.1782104233684707 	 0.0011038575993102644 	 6.837431708669627e-6 	 4.2351905173214804e-8 	 2.623329852825659e-10
172.0239724793599 	 0.17110303541825275 	 0.000994646460909873 	 5.782022392426814e-6 	 3.3611724628208796e-8 	 1.9538977122645893e-10
183.29807108324357 	 0.1642791043081012 	 0.0008962402241183157 	 4.889523489373188e-6 	 2.6675258831025254e-8 	 1.4552940286486085e-10
195.3110510040633 	 0.15772732521256613 	 0.0008075698963356905 	 4.134788544652753e-6 	 2.117027440790706e-8 	 1.0839260911798906e-10
208.1113370090395 	 0.1514368441652369 	 0.0007276722467006165 	 3.496552648974666e-6 	 1.6801355943538965e-8 	 8.073253569462763e-11
221.75052752539318 	 0.14539724007758145 	 0.0006556793424580767 	 2.9568332926874022e-6 	 1.3334053026542668e-8 	 6.013087398412505e-11
236.28360263551775 	 0.13959850747491162 	 0.0005908091205560762 	 2.500423702559827e-6 	 1.05822988758847e-8 	 4.478642934951588e-11
251.7691457037277 	 0.13403103992087226 	 0.0005323568920498099 	 2.1144643858634973e-6 	 8.39842539066212e-9 	 3.33576434363608e-11
268.26957952797244 	 0.12868561410299434 	 0.00047968768702519364 	 1.788080809867511e-6 	 6.6652387982777914e-9 	 2.4845302288859805e-11
285.85141796844744 	 0.12355337455294887 	 0.00043222935688423555 	 1.512077008244701e-6 	 5.289730654446519e-9 	 1.850517549306124e-11
304.5855340674284 	 0.11862581897618708 	 0.00038946635906197036 	 1.2786764816471923e-6 	 4.198086706784053e-9 	 1.3782948424118823e-11
324.54744574113323 	 0.11389478416666397 	 0.0003509341566579734 	 1.081303092238436e-6 	 3.3317257813235393e-9 	 1.0265758751282865e-11
345.8176201952381 	 0.10935243248331106 	 0.0003162141721453464 	 9.143957788120269e-7 	 2.6441561256936155e-9 	 7.646100057599163e-12
368.48179829116765 	 0.104991238865854 	 0.00028492924033900804 	 7.7325187203375e-7 	 2.09848051008137e-9 	 5.6949366829326775e-12
392.631340170684 	 0.10080397836846577 	 0.00025673951122863616 	 6.538945951615243e-7 	 1.6654162015626782e-9 	 4.241679232326924e-12
418.3635935320019 	 0.09678371419060283 	 0.0002313387581684962 	 5.529610170317088e-7 	 1.3217235571656193e-9 	 3.159270016798239e-12
445.7822860419706 	 0.0929237861851946 	 0.00020845105131980454 	 4.6760730034970204e-7 	 1.048958908846541e-9 	 2.353074452913055e-12
474.99794346614124 	 0.08921779982515024 	 0.00018782776020904996 	 3.9542857562379885e-7 	 8.324848161200213e-10 	 1.7526072008759388e-12
506.1283352022219 	 0.085659615609903 	 0.00016924485284088665 	 3.3439118316358527e-7 	 6.606845732712839e-10 	 1.3053696608535256e-12
539.2989490128875 	 0.08224333889444214 	 0.00015250046202570442 	 2.827753740385282e-7 	 5.243388190466708e-10 	 9.722600424243376e-13
574.6434968715973 	 0.07896331012398441 	 0.0001374126924847608 	 2.3912685557714636e-7 	 4.1613079566543616e-10 	 7.241547114530726e-13
612.3044539605183 	 0.07581409545810526 	 0.00012381764491132345 	 2.022158161849779e-7 	 3.3025370773804117e-10 	 5.393619229811059e-13
652.4336329932628 	 0.0727904777687993 	 0.00011156763552309228 	 1.7100227499192145e-7 	 2.620991106902168e-10 	 4.0172532106866927e-13
695.1927961775606 	 0.0698874479975559 	 0.00010052959176479412 	 1.4460678004367245e-7 	 2.080096065994593e-10 	 2.992113953757529e-13
740.7543072847162 	 0.06710019685713138 	 9.058360673337368e-5 	 1.2228562944900565e-7 	 1.6508257629611593e-10 	 2.2285739640345395e-13
789.3018264543575 	 0.06442410686427184 	 8.162163662242234e-5 	 1.0340991733045512e-7 	 1.3101441535361117e-10 	 1.659877260669018e-13
841.0310505352605 	 0.06185474469018656 	 7.354632703610657e-5 	 8.744781419104468e-8 	 1.0397691516310835e-10 	 1.2363029295640622e-13
896.150501946605 	 0.059387853816099685 	 6.62699554227758e-5 	 7.394958244047756e-8 	 8.251915529796095e-11 	 9.208180447225557e-14
954.8823692395666 	 0.05701934748171362 	 5.9713478139848504e-5 	 6.25349048882347e-8 	 6.548964239232441e-11 	 6.858398950697767e-14
1017.4634027476063 	 0.054745301914901304 	 5.380567179818409e-5 	 5.2882169179633104e-8 	 5.197451725224474e-11 	 5.108244396003855e-14
1084.145868935835 	 0.05256194983141227 	 4.8482359558318e-5 	 4.471940626025428e-8 	 4.1248514191314036e-11 	 3.804701504955448e-14
1155.1985672964793 	 0.05046567419382334 	 4.368571397377039e-5 	 3.7816627556947566e-8 	 3.2736040908923677e-11 	 2.83380206967674e-14
1230.9079138896032 	 0.048453002219394574 	 3.936362880817435e-5 	 3.1979344972921156e-8 	 2.5980290330466836e-11 	 2.110660760021479e-14
1311.5790958968503 	 0.04652059962690441 	 3.5469153002239556e-5 	 2.7043091120620485e-8 	 2.0618726850116935e-11 	 1.5720536347842574e-14
1397.537301842291 	 0.044665265112931944 	 3.1959980641699046e-5 	 2.286878539812003e-8 	 1.636363148802787e-11 	 1.170890499055493e-14
1489.1290324394101 	 0.04288392504843655 	 2.8797991385734006e-5 	 1.9338815346685373e-8 	 1.2986661951654772e-11 	 8.720978282439857e-15
1586.7234973483178 	 0.041173628386848425 	 2.5948836363523003e-5 	 1.6353722880443807e-8 	 1.0306599043736122e-11 	 6.495523045420444e-15
1690.71410347358 	 0.03953154177523439 	 2.3381565040485943e-5 	 1.3829402021576804e-8 	 8.179621849231771e-12 	 4.837968662133178e-15
1801.5200408020257 	 0.03795494486044053 	 2.1068289000850204e-5 	 1.1694729186288002e-8 	 6.491589836037339e-12 	 3.603395848512084e-15
1919.587972173111 	 0.03644122578243511 	 1.8983878994189068e-5 	 9.889559254061151e-9 	 5.151917701831328e-12 	 2.683866421604522e-15
2045.3938337933903 	 0.034987876847385815 	 1.7105691954931365e-5 	 8.363030958789548e-9 	 4.0887142713633084e-12 	 1.9989863095364737e-15
2179.444753752986 	 0.03359249037330367 	 1.5413325029440492e-5 	 7.072133855606513e-9 	 3.2449245815606737e-12 	 1.4888767315496023e-15
2322.2810962777244 	 0.032252754701370644 	 1.3888393938643807e-5 	 5.9804964872275214e-9 	 2.575268126159826e-12 	 1.1089390213301923e-15
2474.4786399573527 	 0.030966450366343667 	 1.2514333268553643e-5 	 5.057361605986352e-9 	 2.043808956085196e-12 	 8.259553843311497e-16
2636.650898730358 	 0.02973144641969063 	 1.1276216519224213e-5 	 4.276719578103462e-9 	 1.6220272392385569e-12 	 6.151846799360587e-16
2809.4515949814063 	 0.028545696899366882 	 1.0160593957325614e-5 	 3.6165755535620318e-9 	 1.2872887933084206e-12 	 4.581993139187509e-16
2993.5772947204905 	 0.02740723744038425 	 9.155346510918557e-6 	 3.058329753858381e-9 	 1.021630461739568e-12 	 3.4127412161407293e-16
3189.7702154663216 	 0.026314182020557395 	 8.249554119280173e-6 	 2.5862534170268273e-9 	 8.107961521763521e-13 	 2.541863825315767e-16
3398.8212181526706 	 0.02526471983603604 	 7.433377107657323e-6 	 2.1870456345148738e-9 	 6.434718080592595e-13 	 1.8932205219343654e-16
3621.5729951180747 	 0.024257112301447562 	 6.697949298314973e-6 	 1.8494585936398057e-9 	 5.10678259456015e-13 	 1.4101006942133035e-16
3858.923467029903 	 0.02328969016967965 	 6.035281696738344e-6 	 1.5639806667074221e-9 	 4.0528937152287473e-13 	 1.0502653783771819e-16
4111.829402435833 	 0.022360850766531826 	 5.438175706726874e-6 	 1.3225684177230988e-9 	 3.2164963287134775e-13 	 7.822543237829946e-17
4381.310274533305 	 0.021469055335654776 	 4.900144931630446e-6 	 1.1184199758946328e-9 	 2.552706623850707e-13 	 5.826354364100861e-17
4668.45237070379 	 0.020612826489378493 	 4.415344712250116e-6 	 9.457833906495405e-10 	 2.0259034805295858e-13 	 4.339561207141912e-17
4974.413171377457 	 0.019790745761206777 	 3.978508635969728e-6 	 7.997945685054638e-10 	 1.6078169242302685e-13 	 3.23217406523763e-17
5300.426015879672 	 0.019001451255923025 	 3.58489132741333e-6 	 6.763402256107846e-10 	 1.2760110670057856e-13 	 2.4073745453345712e-17
5647.805074067557 	 0.01824363539341442 	 3.2302168991599647e-6 	 5.719419945974796e-10 	 1.0126801245737154e-13 	 1.7930507715705948e-17
6017.950643797334 	 0.017516042742477134 	 2.910632502533203e-6 	 4.83658420418116e-10 	 8.036928998688613e-14 	 1.3354926742332506e-17
6412.354795576917 	 0.016817467941013485 	 2.6226664738847193e-6 	 4.090020838668767e-10 	 6.378344569283598e-14 	 9.946961409064921e-18
6832.607387157405 	 0.016146753699175915 	 2.3631906217127908e-6 	 3.4586951771217714e-10 	 5.062042908572134e-14 	 7.408654737116564e-18
7280.4024723085695 	 0.015502788882149605 	 2.12938624493843e-6 	 2.924819408044642e-10 	 4.017386977120236e-14 	 5.518083639469931e-18
7757.545129612414 	 0.014884506669397425 	 1.918713513193715e-6 	 2.473351403228741e-10 	 3.188317131133874e-14 	 4.109956278518188e-18
8265.958738801814 	 0.014290882787317973 	 1.7288838764986985e-6 	 2.0915709007631798e-10 	 2.530342779168484e-14 	 3.061160670075239e-18
8807.692733975462 	 0.013720933812388768 	 1.5578352046116005e-6 	 1.7687211074045406e-10 	 2.0081548719129833e-14 	 2.2800010542676792e-18
9384.93086494273 	 0.013173715541983363 	 1.4037093859895745e-6 	 1.4957056223324033e-10 	 1.5937311034645866e-14 	 1.698180973733057e-18
10000.0 	 0.012648321430163666 	 1.2648321430163666e-6 	 1.2648321430163665e-10 	 1.2648321430163664e-14 	 1.2648321430163664e-18
