###################################
#   ____       ____  ____  _____  #
#  / ___| __ _|  _ \/ ___|| ____| #
# | |  _ / _` | |_) \___ \|  _|   #
# | |_| | (_| |  __/ ___) | |___  # 
#  \____|\__,_|_|   |____/|_____| #
###################################
# 
#
# This is a table containing the multipoles of the Two-Point Correlation Function (TPCF) 
# for the Galaxy Number Counts GR effect [not given, provied only the index 2]
#  taken from the files:
#   - L = 0 : Generic_Window/xis_GNC_L0_noF_noobsvel_GenWin.txt
#   - L = 1 : Generic_Window/xis_GNC_L1_noF_noobsvel_GenWin.txt
#   - L = 2 : Generic_Window/xis_GNC_L2_noF_noobsvel_GenWin.txt
#   - L = 3 : Generic_Window/xis_GNC_L3_noF_noobsvel_GenWin.txt
#   - L = 4 : Generic_Window/xis_GNC_L4_noF_noobsvel_GenWin.txt
#
# s [Mpc/h_0] 	xi_{L=0} 	 xi_{L=1} 	 xi_{L=2} 	 xi_{L=3} 	 xi_{L=4} 	 
1.0 	  5.112326916534553 	  -0.0014949869777787152 	  -1.0259589535937494 	  0.00033672560826277913 	  0.04319882551293197 	 
1.0176234579394636 	  5.04575099804524 	  -0.001290359322951965 	  -1.020767952182681 	  0.00041206065250791045 	  0.04297838689324271 	 
1.0355575021486711 	  4.9763364886230175 	  -0.0015238033486800462 	  -1.0143613631351949 	  0.00021438026524787414 	  0.042776744899133266 	 
1.0538076062316843 	  4.909407760490915 	  -0.0015920820265716436 	  -1.007754624684156 	  0.0007780069479805071 	  0.04230570794996918 	 
1.072379340256395 	  4.842168324999724 	  -0.0014054028062010526 	  -1.0003635579547996 	  0.00029185748004354226 	  0.04213651200582803 	 
1.0912783724545534 	  4.775743763497917 	  -0.0015000142241150015 	  -0.9943485662634124 	  0.00022879567940728833 	  0.04178067110436911 	 
1.1105104709517524 	  4.7095503742009805 	  -0.0014725670279348137 	  -0.988000760796035 	  0.0003551339413666166 	  0.041606938610650276 	 
1.1300815055279045 	  4.644030290236462 	  -0.0014515219820983793 	  -0.9799806533734045 	  0.0004738491749897729 	  0.041541253971173794 	 
1.1499974494087413 	  4.5797426150470315 	  -0.001361705887856506 	  -0.9747635402912099 	  0.00027017616092722723 	  0.04113129026241953 	 
1.1702643810888866 	  4.514651409567678 	  -0.0015795845995014083 	  -0.9678675138963581 	  0.00046858595450391193 	  0.041043334332911886 	 
1.190888486187059 	  4.450076597973648 	  -0.0016046175681633061 	  -0.9613218551296555 	  0.000519760395264844 	  0.040721262517080206 	 
1.2118760593339681 	  4.386816816531973 	  -0.0015165045168475193 	  -0.9548277633496317 	  0.0004972440348884298 	  0.040398032522324996 	 
1.2332335060934831 	  4.324368103758222 	  -0.0013974229074312614 	  -0.94808499777247 	  0.00035408108436472084 	  0.04019347181882276 	 
1.2549673449176588 	  4.26077649148227 	  -0.0015714909313967996 	  -0.9408163303698133 	  0.0004184828510683467 	  0.039866140964757185 	 
1.2770842091362153 	  4.199239115897621 	  -0.0014955928940079163 	  -0.9348674410270909 	  0.0003349952214149241 	  0.03963213651090171 	 
1.2995908489810806 	  4.137278695819631 	  -0.0015156009577317194 	  -0.9278258589073977 	  0.00046092542351965456 	  0.03944130858719772 	 
1.3224941336466105 	  4.0765697942494645 	  -0.0015165284064053931 	  -0.9220092701388376 	  0.0003631549405267078 	  0.039303681604616655 	 
1.3458010533861189 	  4.015416857772189 	  -0.0015405974752333456 	  -0.9149120692926036 	  0.00046901093657722665 	  0.03900093231377917 	 
1.3695187216453548 	  3.955036571400044 	  -0.001522797669061889 	  -0.9085960284414808 	  0.00047342875383683434 	  0.03876590982668008 	 
1.3936543772335797 	  3.8953919613359465 	  -0.0015153582784662538 	  -0.9019731043471445 	  0.00042052467094882815 	  0.03853586051194538 	 
1.4182153865329048 	  3.836583584064618 	  -0.0015589804267734108 	  -0.8959008077588266 	  0.0005046692966074203 	  0.03839547278096091 	 
1.4432092457465677 	  3.7774157469221277 	  -0.0015941881080706634 	  -0.8889335574241677 	  0.0005482339335159984 	  0.0380542471292082 	 
1.4686435831868272 	  3.71903850597163 	  -0.0015581769642284327 	  -0.8824282722886077 	  0.00045329644262071645 	  0.037818791307157484 	 
1.4945261616031833 	  3.6614652646193426 	  -0.0015825845209116434 	  -0.8755999073941738 	  0.000437780760164571 	  0.037595210983425505 	 
1.520864880551625 	  3.604245960204755 	  -0.001568746755571741 	  -0.8694386935394532 	  0.0004576047439479603 	  0.03735227229993806 	 
1.5476677788056337 	  3.5475707571384207 	  -0.0015993925451311315 	  -0.8631265468929276 	  0.00046702820955433073 	  0.03715338077908171 	 
1.574943036809678 	  3.4910556955987246 	  -0.0015493239305512303 	  -0.8561730250643492 	  0.0005259918309119102 	  0.03692639234894021 	 
1.6026989791759443 	  3.435503253971126 	  -0.0016066705002027691 	  -0.849739431538172 	  0.0005399725234590048 	  0.03669897231748944 	 
1.6309440772250727 	  3.3800173611442417 	  -0.00161202506325196 	  -0.8430276088491346 	  0.0004946644924196449 	  0.036489209449832194 	 
1.6596869515716661 	  3.32544837142404 	  -0.0015851070752367516 	  -0.8365656347158452 	  0.0005140915745709155 	  0.03622563883769717 	 
1.6889363747553658 	  3.2710766363352897 	  -0.0015796401364949295 	  -0.8303260133219205 	  0.00048321684592443815 	  0.036045159595271166 	 
1.718701273918297 	  3.217350778091816 	  -0.0015932302903538555 	  -0.8237616377806537 	  0.0005156807761120816 	  0.03580838245508085 	 
1.7489907335296988 	  3.163966845928166 	  -0.0015840902784097564 	  -0.8173841146846138 	  0.0005117938638781472 	  0.03560315252839569 	 
1.7798139981585708 	  3.111221515996892 	  -0.0015845053959130243 	  -0.8105550062755322 	  0.0004945052568729843 	  0.0353962638486798 	 
1.811180475295187 	  3.0590249157755016 	  -0.001596692479453832 	  -0.804230505731564 	  0.0005192653152985038 	  0.03517679872555767 	 
1.8430997382223293 	  3.007292143307219 	  -0.0015998639297434307 	  -0.7977267044862686 	  0.0005392251444978352 	  0.03494515676851218 	 
1.8755815289371267 	  2.956067699061396 	  -0.0016086778978443045 	  -0.7910295811364492 	  0.000515041117206767 	  0.03473998448240226 	 
1.908635761124385 	  2.905298752601669 	  -0.0016222105827691578 	  -0.7846664979972835 	  0.0005504539336340904 	  0.034491314142996804 	 
1.9422725231823168 	  2.8550989084448095 	  -0.0016242374957689755 	  -0.7779047552038865 	  0.0005590720183540316 	  0.03429595217490186 	 
1.9765020813015959 	  2.8054531913774516 	  -0.0016272427795239297 	  -0.7715068567714898 	  0.0005809244023121667 	  0.03407935173010633 	 
2.011334882598677 	  2.7562902168784933 	  -0.001619815714041469 	  -0.7647805449808789 	  0.0005577035224445651 	  0.03386675494719449 	 
2.0467815583043305 	  2.7076330838521776 	  -0.001626351912956005 	  -0.7583745836519599 	  0.0005932481891088242 	  0.033664159191207056 	 
2.0828529270083767 	  2.6595104289580584 	  -0.001624299103890873 	  -0.7517011702237537 	  0.0005843714861667655 	  0.03345537586886025 	 
2.119559997961597 	  2.6119454856102964 	  -0.0016230460542857909 	  -0.7451094953910379 	  0.00058005191924131 	  0.03324476122003479 	 
2.156913974435843 	  2.564939674204787 	  -0.001630585138384994 	  -0.7383919874259469 	  0.0005856389653727536 	  0.03303618147753695 	 
2.1949262571433543 	  2.5183781961314633 	  -0.001626229002653751 	  -0.73179058690465 	  0.0005849449246842146 	  0.032816740942092165 	 
2.2336084477163447 	  2.4724083854822907 	  -0.0016310990718436974 	  -0.7250342987217064 	  0.0006067672351458429 	  0.03259686239535213 	 
2.272972352247904 	  2.426959510309539 	  -0.0016319957895902823 	  -0.7183145976970526 	  0.0006119860494709977 	  0.032400211698459025 	 
2.3130299848953086 	  2.382059092699905 	  -0.0016293499845536606 	  -0.7116396449095979 	  0.0006031546471826209 	  0.03217220948700827 	 
2.353793571546829 	  2.3377237692802053 	  -0.001632370933833462 	  -0.7049187882988418 	  0.0006159295310847402 	  0.031978970167710265 	 
2.395275553553164 	  2.293902792708779 	  -0.0016302647495862956 	  -0.6981218682880125 	  0.0006143064414654198 	  0.031768307116348704 	 
2.437488591524634 	  2.2506464677360696 	  -0.0016326750147447372 	  -0.6913769574577784 	  0.0006218012210370358 	  0.03156391954205701 	 
2.4804455691952905 	  2.207925217355001 	  -0.0016261794261553074 	  -0.6845663202314048 	  0.0006231050861424013 	  0.03135234593621457 	 
2.5241595973551325 	  2.16576144816509 	  -0.0016260211092924463 	  -0.6777665727676613 	  0.0006280011375625471 	  0.03114277772323766 	 
2.568644017851614 	  2.1241390565280893 	  -0.0016232308440815464 	  -0.6709009149590341 	  0.0006335249351838336 	  0.030935871309044974 	 
2.6139124076616764 	  2.08307853084732 	  -0.0016236262416409188 	  -0.6640193888152679 	  0.0006392396083988476 	  0.030731479617357525 	 
2.659978583035544 	  2.042583560601976 	  -0.0016188386377947186 	  -0.6571818388340379 	  0.0006409660645295297 	  0.03052242925258871 	 
2.706856603713545 	  2.002644846382456 	  -0.0016174227648623868 	  -0.6502489537957749 	  0.0006474405473132595 	  0.030317268552800057 	 
2.75456077721725 	  1.9632507480859747 	  -0.001618135051037835 	  -0.6433438147688261 	  0.0006573877724948267 	  0.0301118769849948 	 
2.803105663216234 	  1.9244416158212219 	  -0.0016144877273999803 	  -0.636416361172697 	  0.0006561310061397834 	  0.029903084497844186 	 
2.8525060779717974 	  1.8861655020446582 	  -0.001615930227411396 	  -0.629438376260647 	  0.0006645448674360493 	  0.029698081925475635 	 
2.9027770988589974 	  1.8484746745488414 	  -0.0016108005254120792 	  -0.6224715428838348 	  0.000668088833934101 	  0.02948939792278511 	 
2.953934068968377 	  1.8113395550629154 	  -0.0016101690272317306 	  -0.6154500577080878 	  0.0006731444548150694 	  0.029282766239593565 	 
3.00599260178879 	  1.7747666177645571 	  -0.0016068100606372745 	  -0.6084520189333268 	  0.0006746736699866755 	  0.02907522725665739 	 
3.0589685859727536 	  1.7387463042611224 	  -0.0016038595594622088 	  -0.601386141540304 	  0.0006783299947262793 	  0.028864098880859126 	 
3.1128781901857843 	  1.703313350050278 	  -0.0016010124775079112 	  -0.5943233421221068 	  0.0006855043940331382 	  0.028656111707620734 	 
3.167737868041197 	  1.6684262449034528 	  -0.0015975272815116268 	  -0.5872677094266044 	  0.0006876858166140222 	  0.02844162426180109 	 
3.223564363121867 	  1.6341011200235736 	  -0.0015952273992484339 	  -0.5801701864806997 	  0.0006907544739393131 	  0.028234249556641555 	 
3.2803747140904993 	  1.600348280201388 	  -0.0015906373050992904 	  -0.5730711692823333 	  0.0006955641414544223 	  0.02802275056294662 	 
3.3381862598899525 	  1.5671540626606937 	  -0.0015882253108289708 	  -0.5659577514566951 	  0.0006973581377743438 	  0.02780750686924343 	 
3.3970166450352193 	  1.5345067397009655 	  -0.0015849465097082164 	  -0.5588454656323244 	  0.0007043773697267904 	  0.0275953848700519 	 
3.4568838249986547 	  1.5024261080683126 	  -0.0015805131685820348 	  -0.551706640187778 	  0.0007060133072451203 	  0.027378428054876863 	 
3.51780607169013 	  1.4708874334088378 	  -0.0015770907149249974 	  -0.5445730829259469 	  0.0007089162138909243 	  0.027163742151971804 	 
3.579801979033751 	  1.4399057775524384 	  -0.0015721662875376318 	  -0.5374420008783914 	  0.0007122296897734642 	  0.026945021385741768 	 
3.6428904686428605 	  1.4094719711411452 	  -0.001568031539255292 	  -0.5303041003077067 	  0.0007155583018121407 	  0.026726657334861213 	 
3.7070907955950605 	  1.3795809805120165 	  -0.0015646000529226272 	  -0.5231743285047807 	  0.0007189327267761802 	  0.026506400309679542 	 
3.7724225543090033 	  1.3502281370133393 	  -0.001559900356672328 	  -0.5160426222908073 	  0.000720923886244475 	  0.02628407257362338 	 
3.838905684524751 	  1.3214039258977304 	  -0.0015555233596264767 	  -0.5089128584644196 	  0.0007236541143224908 	  0.026059601670895324 	 
3.9065604773895406 	  1.2931092310561945 	  -0.0015509182713324549 	  -0.5018065211789207 	  0.000726721518297759 	  0.025834392451734606 	 
3.9754075816507863 	  1.2653376252679047 	  -0.0015460363355702853 	  -0.4947130882520997 	  0.0007293089536317063 	  0.025606331632460858 	 
4.045468009958233 	  1.2380858418792593 	  -0.0015419412563685787 	  -0.4876338731700234 	  0.0007316495320606127 	  0.025377192562253167 	 
4.1167631452771785 	  1.2113398259292454 	  -0.0015374740462447698 	  -0.48057545238779587 	  0.0007341814702853865 	  0.02514663615239165 	 
4.189314747414704 	  1.185099577219352 	  -0.001531615889704508 	  -0.47354463988694195 	  0.0007356413090741641 	  0.02491354136761098 	 
4.263144959660941 	  1.1593517756430314 	  -0.0015265635667932862 	  -0.4665396748631315 	  0.0007381282569571283 	  0.024676522143818543 	 
4.338276315547362 	  1.1340918626839298 	  -0.001521430040846889 	  -0.4595690304137451 	  0.00074055934463798 	  0.02443950278271865 	 
4.414731745724182 	  1.1093117848361622 	  -0.0015162896733107957 	  -0.45263739614525467 	  0.0007424076476489244 	  0.024199419786898543 	 
4.492534584958967 	  1.0849989793969599 	  -0.001510676616272345 	  -0.4457376756269001 	  0.000743361087846872 	  0.023958173800808388 	 
4.571708579258576 	  1.0611457246865297 	  -0.0015055268120567403 	  -0.43888680589002127 	  0.0007455714200296266 	  0.023714109250538944 	 
4.652277893116625 	  1.037748048474964 	  -0.0014999213324682018 	  -0.4320892579259908 	  0.0007468283337341362 	  0.023467347980879065 	 
4.734267116888661 	  1.0147900966531258 	  -0.0014945033527731819 	  -0.4253398846290448 	  0.0007485872592852554 	  0.023219364255278565 	 
4.817701274297335 	  0.9922623255939904 	  -0.0014884823277039722 	  -0.4186490285340262 	  0.0007497609024300749 	  0.022967988675980527 	 
4.902605830069813 	  0.9701568446933282 	  -0.0014828180606880701 	  -0.4120188369179725 	  0.0007510283379823627 	  0.02271534576470151 	 
4.989006697709819 	  0.9484625663725105 	  -0.001476930877886822 	  -0.40545019923701725 	  0.0007527456174182154 	  0.022460072776609576 	 
5.076930247406609 	  0.9271679465428366 	  -0.0014707695846976853 	  -0.3989530362210413 	  0.0007535500301099938 	  0.022203366866622037 	 
5.166403314083369 	  0.9062631914965559 	  -0.0014647884031740665 	  -0.3925264654674179 	  0.0007548562322813485 	  0.02194412745642086 	 
5.2574532055874235 	  0.8857370913607133 	  -0.001458538694813411 	  -0.3861747265998206 	  0.0007557612235818458 	  0.021683372303199125 	 
5.350107711024791 	  0.865580407241114 	  -0.0014524310156299707 	  -0.37989952063430643 	  0.0007570923970612898 	  0.021420520589599482 	 
5.444395109241635 	  0.845783222914239 	  -0.0014457725834040873 	  -0.37370613667394437 	  0.0007578198591026575 	  0.021156244913176147 	 
5.540344177455178 	  0.8263339257514424 	  -0.0014391807174682794 	  -0.36759920051155487 	  0.0007585285988302672 	  0.020890639971459405 	 
5.63798420003671 	  0.8072231003131485 	  -0.0014324630187401626 	  -0.3615747556814204 	  0.0007597526880081755 	  0.020623958694116064 	 
5.737344977449417 	  0.7884427218656322 	  -0.001425645429536915 	  -0.3556392587636543 	  0.0007604591159112091 	  0.02035585541843864 	 
5.83845683534369 	  0.7699831486048718 	  -0.0014186036274388496 	  -0.34979357709061054 	  0.0007611993306489117 	  0.020086988176622377 	 
5.941350633812743 	  0.7518361484103334 	  -0.0014116012550098643 	  -0.34403586992539825 	  0.0007619736582765549 	  0.01981761354103314 	 
6.046057776811348 	  0.7339933373478024 	  -0.001404292618471704 	  -0.3383704789758314 	  0.0007628609047342932 	  0.019548050571047665 	 
6.152610221740549 	  0.7164481200678912 	  -0.0013969271480310413 	  -0.3327945159648618 	  0.0007634935237935584 	  0.01927808545890945 	 
6.2610404892013065 	  0.699194622806836 	  -0.0013892910219620907 	  -0.3273102809982749 	  0.0007642972572729836 	  0.01900847415831489 	 
6.371381672920025 	  0.682226524423368 	  -0.001381600134947463 	  -0.3219153544726481 	  0.0007651616340657871 	  0.01873937119320341 	 
6.4836674498489995 	  0.665538961104827 	  -0.001373692488846657 	  -0.316608044163094 	  0.0007657749046637627 	  0.018471057085128147 	 
6.597932090444882 	  0.6491284348873019 	  -0.0013655634697591027 	  -0.3113867096075359 	  0.0007664956188033792 	  0.01820393399856802 	 
6.714210469128275 	  0.6329914645037809 	  -0.001357387970598979 	  -0.3062503594063769 	  0.0007672582921857625 	  0.01793829995066807 	 
6.832538074927663 	  0.6171259319683705 	  -0.0013489769793712594 	  -0.30119508841298365 	  0.0007679810119282711 	  0.017674449132202855 	 
6.952951022310933 	  0.601529872242202 	  -0.001340463749635524 	  -0.2962180482273787 	  0.000768730044183198 	  0.01741273587197582 	 
7.075486062207781 	  0.5862021443162212 	  -0.0013317609200720626 	  -0.2913148512593226 	  0.0007692626912893211 	  0.01715346047584904 	 
7.20018059322636 	  0.5711436076457584 	  -0.0013228574378719143 	  -0.2864839127784096 	  0.0007699600573706103 	  0.016896800129065147 	 
7.327072673067628 	  0.5563544491094123 	  -0.0013138372106661165 	  -0.28171962205161366 	  0.0007705716994179857 	  0.016643113665719585 	 
7.456201030140828 	  0.5418358047448708 	  -0.0013046588381312304 	  -0.2770181831332218 	  0.0007712027981071348 	  0.016392641001687785 	 
7.587605075383698 	  0.5275889777430636 	  -0.0012953327235152817 	  -0.2723749649989727 	  0.00077168715517904 	  0.016145686399378915 	 
7.721324914290984 	  0.5136164642189386 	  -0.0012858584491252337 	  -0.2677864717879701 	  0.000772126646410646 	  0.015902303364821787 	 
7.857401359154923 	  0.4999197996569583 	  -0.0012762835888614308 	  -0.26324759691390875 	  0.0007725329968707059 	  0.01566285924110978 	 
7.995875941521473 	  0.4865017168473196 	  -0.0012665360812105608 	  -0.2587547514725744 	  0.0007727669777853797 	  0.01542733717434276 	 
8.136790924866046 	  0.4733641638584645 	  -0.001256743054979634 	  -0.2543043134009034 	  0.0007730184435575885 	  0.015195839816747162 	 
8.280189317492631 	  0.46050856342557167 	  -0.001246842673202125 	  -0.2498927250790435 	  0.0007731075921267644 	  0.014968411519395439 	 
8.426114885660258 	  0.44793686794277865 	  -0.0012368363473069938 	  -0.24551728923987556 	  0.0007730532451269781 	  0.014745047338260656 	 
8.574612166940781 	  0.43564951319434037 	  -0.0012267379877458251 	  -0.24117525135753928 	  0.0007728800119732837 	  0.014525690330504985 	 
8.725726483812073 	  0.42364653149900755 	  -0.0012165993875720303 	  -0.23686493352453375 	  0.0007725494332079761 	  0.014310203654609046 	 
8.879503957490801 	  0.41192755731931097 	  -0.0012063921505878084 	  -0.23258583171555086 	  0.000772132613681815 	  0.014098497575605426 	 
9.035991522008938 	  0.4004902681139531 	  -0.0011961478334970297 	  -0.22833678683573327 	  0.0007715497433073688 	  0.013890317428490338 	 
9.195236938538413 	  0.3893322049440273 	  -0.001185846226769061 	  -0.22411853305105797 	  0.0007707962917425689 	  0.01368543708285685 	 
9.357288809968146 	  0.37844924248873363 	  -0.0011755232855654618 	  -0.21993207564411463 	  0.0007698956924084127 	  0.013483562530355042 	 
9.522196595738032 	  0.3678363503851315 	  -0.0011651688372290505 	  -0.21577921265797698 	  0.0007688642387221448 	  0.013284421975963379 	 
9.690010626934324 	  0.35748731720902677 	  -0.001154781963410759 	  -0.21166225690180415 	  0.000767667272573991 	  0.013087654986834585 	 
9.860782121651058 	  0.3473951160453847 	  -0.0011443631608253674 	  -0.20758419712570783 	  0.000766340851650746 	  0.012892958151565203 	 
10.03456320062219 	  0.33755161114974297 	  -0.001133916807103884 	  -0.20354857541379806 	  0.0007648746826244908 	  0.012700002942247884 	 
10.211406903129243 	  0.32794798880597026 	  -0.001123443860937286 	  -0.19955891536504688 	  0.0007633025484025534 	  0.01250846954023383 	 
10.391367203189287 	  0.31857499766652164 	  -0.0011129264028308 	  -0.19561913078039495 	  0.0007616325026882365 	  0.012318065380874738 	 
10.574499026028219 	  0.30942306191017144 	  -0.001102367035928565 	  -0.19173300279202563 	  0.0007598505306422217 	  0.01212854187250628 	 
10.760858264844325 	  0.3004826737837534 	  -0.0010917551284483986 	  -0.18790426736613788 	  0.000757999393735375 	  0.011939661301061106 	 
10.950501797867338 	  0.2917445365006674 	  -0.001081072746845474 	  -0.18413613559656075 	  0.0007560812583510105 	  0.011751313055668889 	 
11.14348750571807 	  0.2831999853202583 	  -0.0010703256312365338 	  -0.18043127021784672 	  0.0007541085753616344 	  0.011563406568058099 	 
11.33987428907403 	  0.2748411599014082 	  -0.0010594985848760812 	  -0.17679168919707194 	  0.0007520995135165549 	  0.011375889897362705 	 
11.539722086646336 	  0.26666135302154215 	  -0.0010485987663733638 	  -0.17321860910165346 	  0.0007500598119047502 	  0.011188869262281706 	 
11.743091893473444 	  0.25865510170691397 	  -0.0010375999394514872 	  -0.16971218332922064 	  0.0007479895337647386 	  0.011002443304077148 	 
11.950045779537328 	  0.2508183835598852 	  -0.0010265121517042885 	  -0.16627174964828173 	  0.00074589752178076 	  0.010816804790893328 	 
12.160646908707667 	  0.24314871915699338 	  -0.0010153368013837059 	  -0.1628955559406238 	  0.0007437774994642082 	  0.010632204496525605 	 
12.374959558019944 	  0.23564501774946664 	  -0.0010040728344654748 	  -0.1595810461413559 	  0.000741630382091421 	  0.010448935601836845 	 
12.59304913729327 	  0.22830761949305212 	  -0.0009927317308373576 	  -0.1563248541087749 	  0.0007394385123329998 	  0.010267325600730879 	 
12.814982209093962 	  0.22113795367355574 	  -0.000981320543906219 	  -0.15312305251558692 	  0.0007371957391249361 	  0.010087699427887141 	 
13.040826509050902 	  0.21413828533787904 	  -0.0009698503447954576 	  -0.14997133706387047 	  0.0007348801871264087 	  0.009910373418413578 	 
13.270650966529 	  0.20731139719717392 	  -0.0009583434972176533 	  -0.1468652439755362 	  0.0007324849237850252 	  0.009735644816958927 	 
13.504525725666925 	  0.20066004115790853 	  -0.000946809790290379 	  -0.14380066353664436 	  0.000729986708285782 	  0.009563747764384397 	 
13.742522166785617 	  0.19418662772026365 	  -0.0009352637635037433 	  -0.1407738190809318 	  0.0007273657002165698 	  0.009394853996651905 	 
13.984712928174115 	  0.18789267148238092 	  -0.0009237252238346069 	  -0.1377817583889191 	  0.0007246150714864232 	  0.009229044478266276 	 
14.231171928259263 	  0.18177853368927976 	  -0.0009122117189383285 	  -0.13482247087920013 	  0.0007217136314569953 	  0.00906625318174711 	 
14.481974388166215 	  0.1758429842048593 	  -0.0009007192581873207 	  -0.13189517925430058 	  0.0007186841986829472 	  0.008906575006718364 	 
14.73719685467645 	  0.17008308742919456 	  -0.0008892701855131523 	  -0.12900015695093892 	  0.0007154877832975423 	  0.008749603856364136 	 
14.996917223590433 	  0.16449418186692055 	  -0.0008778592775063211 	  -0.1261388731311218 	  0.000712151156721971 	  0.008595148243764464 	 
15.261214763501995 	  0.15906993390298463 	  -0.0008664879054350762 	  -0.12331385895555041 	  0.0007086856573616541 	  0.008442889403695543 	 
15.530170139991698 	  0.15380276670166085 	  -0.0008551480098794916 	  -0.12052834410385806 	  0.0007051017936723685 	  0.008292494425891 	 
15.803865440246554 	  0.14868413198636535 	  -0.0008438302043296367 	  -0.11778600072752098 	  0.0007014211069786005 	  0.008143620134754413 	 
16.08238419811368 	  0.14370518232457064 	  -0.0008325237251618143 	  -0.1150905427795397 	  0.0006976643158813356 	  0.007995979040851486 	 
16.365811419595428 	  0.13885737633715994 	  -0.0008212144827761053 	  -0.11244527112729057 	  0.0006938551167689124 	  0.00784933634565706 	 
16.65423360879386 	  0.1341331107292219 	  -0.0008098894792996116 	  -0.10985269564933077 	  0.0006900077510972365 	  0.007703551383304181 	 
16.947738794312446 	  0.1295262946030803 	  -0.0007985410148642407 	  -0.1073142020142622 	  0.0006861386959359071 	  0.007558592048941752 	 
17.246416556123023 	  0.12503273005325238 	  -0.000787163392734896 	  -0.10482981623710994 	  0.0006822538826559554 	  0.007414535376462496 	 
17.550358052906326 	  0.12065034946841119 	  -0.0007757586586089964 	  -0.102398142774709 	  0.0006783525305844949 	  0.007271563752042338 	 
17.859656049874243 	  0.11637915786634867 	  -0.0007643332448348089 	  -0.10001648865031028 	  0.0006744255890774518 	  0.007129938097736801 	 
18.174404947082486 	  0.11222089311002847 	  -0.0007529007184153791 	  -0.09768112230074016 	  0.0006704567238885344 	  0.0069899752193303515 	 
18.49470080824217 	  0.10817849310450983 	  -0.0007414791987810221 	  -0.09538772151368033 	  0.0006664245769456415 	  0.006851998458308963 	 
18.8206413900392 	  0.10425529244831504 	  -0.0007300884003577458 	  -0.09313190425936434 	  0.000662305570270525 	  0.006716295508614225 	 
19.15232617197028 	  0.10045419564398515 	  -0.0007187504132478502 	  -0.09090980861685205 	  0.0006580788535406866 	  0.006583080214568454 	 
19.489856386704883 	  0.09677683172216248 	  -0.0007074833048825608 	  -0.0887186287665347 	  0.0006537263085228571 	  0.0064524569685924975 	 
19.83333505098216 	  0.093222902877569 	  -0.0006963007852281131 	  -0.08655699110236152 	  0.0006492392982779451 	  0.00632440172648066 	 
20.182866997052432 	  0.08978977471943889 	  -0.000685207659339909 	  -0.08442514509872727 	  0.0006446190215794845 	  0.006198765556677218 	 
20.53855890467278 	  0.08647250853889005 	  -0.0006742027445527317 	  -0.08232487598156285 	  0.0006398776868216261 	  0.006075295104072883 	 
20.900519333666473 	  0.08326421954908166 	  -0.00066327563498282 	  -0.08025916849119269 	  0.0006350368326689725 	  0.00595366965339338 	 
21.26885875705629 	  0.08015689517446849 	  -0.0006524106788674898 	  -0.07823160905570954 	  0.0006301235342639427 	  0.005833560124276975 	 
21.64368959478166 	  0.07714237526249364 	  -0.0006415901767287984 	  -0.07624567837633427 	  0.0006251657951241442 	  0.00571468204536123 	 
22.025126248010096 	  0.07421352592713598 	  -0.0006307858676434907 	  -0.07430402331906774 	  0.000620214704031533 	  0.00559686289549532 	 
22.413285134053275 	  0.07136514966988675 	  -0.0006200149604023498 	  -0.07240788776409157 	  0.0006152217560618504 	  0.005479985159579765 	 
22.808284721898477 	  0.06859469172776925 	  -0.0006092466358800323 	  -0.07055661604725284 	  0.0006102559433880321 	  0.005364183577148782 	 
23.21024556836616 	  0.06590226442064025 	  -0.000598499849626951 	  -0.06874782516493283 	  0.0006052815255253785 	  0.005249651743738926 	 
23.619290354904884 	  0.06329024890114528 	  -0.000587791525763641 	  -0.06697776125421705 	  0.0006002783975903593 	  0.00513668986812937 	 
24.035543925034524 	  0.06076220927672716 	  -0.000577145291631778 	  -0.0652420665491781 	  0.0005952179646832906 	  0.0050256089164681965 	 
24.459133322449496 	  0.058321644929065095 	  -0.0005665866683315464 	  -0.06353664863083977 	  0.0005900714070217351 	  0.004916660850377702 	 
24.89018782979343 	  0.05597054193233403 	  -0.0005561368603043182 	  -0.06185863512659649 	  0.0005848182738443996 	  0.00480997108202531 	 
25.32883900811714 	  0.053708405712871075 	  -0.0005458078095633822 	  -0.06020696492485718 	  0.0005794508123884776 	  0.004705507545584418 	 
25.775220737032132 	  0.051531752426644796 	  -0.0005355991875744907 	  -0.058582623909139195 	  0.000573978423433552 	  0.004603079712805005 	 
26.229469255571605 	  0.04943453662650402 	  -0.0005254984468976228 	  -0.05698825868765219 	  0.00056842565247006 	  0.004502389481217814 	 
26.69172320377162 	  0.04740920174433651 	  -0.0005154841534423545 	  -0.0554273857388218 	  0.0005628268988671867 	  0.004403104395521804 	 
27.162123664985092 	  0.04544833839446678 	  -0.0005055332187621212 	  -0.05390323997941865 	  0.0005572164244199329 	  0.004304953794297584 	 
27.640814208941478 	  0.04354629795059989 	  -0.0004956279330775869 	  -0.052417704579910955 	  0.0005516191762555228 	  0.004207804523544251 	 
28.12794093556528 	  0.04170042165257941 	  -0.0004857628081043507 	  -0.050970571311726706 	  0.0005460424595482502 	  0.004111702728484402 	 
28.623652519566928 	  0.03991133737774317 	  -0.00047594760450040357 	  -0.04955945088429646 	  0.0005404732775558989 	  0.004016859433348378 	 
29.128100255819334 	  0.038182184739541276 	  -0.00046620510622778 	  -0.048180391132553756 	  0.0005348827527989239 	  0.003923582270040657 	 
29.64143810553424 	  0.03651698889469114 	  -0.0004565647384139154 	  -0.04682906549677236 	  0.0005292358289859458 	  0.0038321701269499533 	 
30.16382274325235 	  0.03491859994511914 	  -0.0004470513179760168 	  -0.04550214267082705 	  0.0005235069924665458 	  0.0037428032070186607 	 
30.69541360466149 	  0.03338705216675967 	  -0.0004376780305864687 	  -0.04419840926880128 	  0.0005176872839793072 	  0.0036554633285874466 	 
31.236372935257677 	  0.03191884604481255 	  -0.00042844060478354105 	  -0.042918991597736066 	  0.0005117907883520137 	  0.0035699391415146818 	 
31.786865839863584 	  0.030507685601983678 	  -0.0004193198062878887 	  -0.0416668786129851 	  0.0005058486112618573 	  0.003485910341244276 	 
32.34706033301979 	  0.02914628365972944 	  -0.00041028709774133506 	  -0.04044554002888134 	  0.0004999027042871453 	  0.0034030575989570534 	 
32.91712739026405 	  0.02782881174386131 	  -0.00040131886049453593 	  -0.039257291525985644 	  0.000493985777845175 	  0.0033211901471477327 	 
33.49724100031435 	  0.02655270327108546 	  -0.0003924072625768604 	  -0.038102142696142725 	  0.0004881077093918197 	  0.003240319352569474 	 
34.08757821817146 	  0.025319225115027863 	  -0.00038356569639888695 	  -0.03697754372419306 	  0.0004822502038799213 	  0.003160654415177383 	 
34.68831921915758 	  0.024132158886542382 	  -0.0003748234512396461 	  -0.03587940049617254 	  0.0004763755222857263 	  0.0030824995375736547 	 
35.29964735390708 	  0.022995383783884535 	  -0.00036621316744361485 	  -0.034803771179209436 	  0.00047044452775006965 	  0.0030061099121880936 	 
35.92174920432655 	  0.02191016455117892 	  -0.000357754376159809 	  -0.03374866768648497 	  0.00046443778209133185 	  0.0029315577400229813 	 
36.554814640540975 	  0.020873843565491615 	  -0.00034944376385191776 	  -0.03271482678298423 	  0.00045836709260378835 	  0.00285869381042515 	 
37.19903687884344 	  0.019880410215894786 	  -0.0003412558498825755 	  -0.03170518158458818 	  0.000452272204469535 	  0.0027872157909600045 	 
37.85461254066628 	  0.018923123164648923 	  -0.00033315736047452387 	  -0.030722986286937835 	  0.00044620036691462797 	  0.0027168310672456546 	 
38.5217417125914 	  0.01799749330091782 	  -0.00032512614276670744 	  -0.029769814041788092 	  0.0004401809923059068 	  0.0026474119802806888 	 
39.20062800741813 	  0.017103283287301586 	  -0.00031716059381173576 	  -0.02884436916903069 	  0.00043422061908357886 	  0.0025790536559660814 	 
39.89147862630742 	  0.016243827780909697 	  -0.0003092942543565142 	  -0.02794298514595449 	  0.0004282697414444736 	  0.0025120144366484673 	 
40.594504422021174 	  0.015423306981365827 	  -0.0003015627952078324 	  -0.02706162910411141 	  0.0004222852255924413 	  0.002446557290677153 	 
41.30991996327603 	  0.014643194330970926 	  -0.000293988024902213 	  -0.026198334423339697 	  0.00041624297637453633 	  0.0023827541620924236 	 
42.03794360023143 	  0.013900548859572929 	  -0.0002865615186447576 	  -0.025354142277756425 	  0.0004101605627101956 	  0.0023204352851752675 	 
42.778797531131644 	  0.013189164664499172 	  -0.00027924954749266716 	  -0.024532225002038735 	  0.0004040870826976252 	  0.002259286063902145 	 
43.532707870122366 	  0.01250332456613971 	  -0.0002720180850846589 	  -0.023735255093535676 	  0.0003980685316192722 	  0.002199068560654756 	 
44.29990471626244 	  0.011841071120347844 	  -0.0002648576517056802 	  -0.022963249037447127 	  0.0003921157335311121 	  0.0021397804077946995 	 
45.08062222375173 	  0.011205070814842885 	  -0.0002577930242545061 	  -0.022213137685322893 	  0.0003861943485466814 	  0.002081658622483236 	 
45.87509867339686 	  0.010599575054406904 	  -0.00025086366118326156 	  -0.02148096167482317 	  0.00038025364973059766 	  0.002024979925006133 	 
46.68357654533621 	  0.010026321826775982 	  -0.00024409274208090688 	  -0.020764645597953546 	  0.0003742679595354296 	  0.0019698389571050764 	 
47.50630259304667 	  0.009482104491803612 	  -0.0002374650155779251 	  -0.020065530540364657 	  0.0003682640538864958 	  0.0019160510294198053 	 
48.34352791865465 	  0.00896086213550093 	  -0.00023093684159371087 	  -0.019386821523071758 	  0.000362307298842025 	  0.0018632983394650032 	 
49.195508049574364 	  0.008458139737691779 	  -0.00022448037434626928 	  -0.01873043800589546 	  0.0003564315900744535 	  0.001811387532875132 	 
50.06250301649657 	  0.007974474447881926 	  -0.00021810465906862202 	  -0.01809484677678377 	  0.000350621830521095 	  0.0017604246658125447 	 
50.94477743275206 	  0.00751394847198384 	  -0.00021185012916305674 	  -0.01747626944223316 	  0.00034482319237013346 	  0.0017106809726341612 	 
51.8426005750735 	  0.0070794157215552335 	  -0.0002057498046760982 	  -0.016871941711740453 	  0.0003389950270162107 	  0.0016623151901695864 	 
52.75624646578071 	  0.00666873664253944 	  -0.0001997949425305678 	  -0.016282578841449 	  0.0003331538279408617 	  0.0016151960601262236 	 
53.68599395641439 	  0.006276224392034265 	  -0.00019394275569712538 	  -0.01571124373979527 	  0.000327358908680835 	  0.0015690265802252791 	 
54.63212681284355 	  0.005897858396667954 	  -0.0001881621733182709 	  -0.015159639617436028 	  0.00032164991788165704 	  0.0015236524064175026 	 
55.59493380187314 	  0.005534968353721767 	  -0.00018246815101405958 	  -0.014625871645891584 	  0.0003160041110883454 	  0.001479216400841435 	 
56.5747087793777 	  0.005191844153823783 	  -0.0001769045793164192 	  -0.01410615088313141 	  0.0003103645866260156 	  0.0014359847745734403 	 
57.57175077998846 	  0.0048696700768740215 	  -0.0001714916365654897 	  -0.013599001750735772 	  0.00030470796716837553 	  0.0013940131235648117 	 
58.58636410836086 	  0.004564421323141473 	  -0.0001661933555046546 	  -0.013106509942619207 	  0.0002990920495816164 	  0.001353051377742786 	 
59.618858432050686 	  0.004270846622031176 	  -0.0001609688528726956 	  -0.012631408579647509 	  0.00029356553986270383 	  0.0013128281104061775 	 
60.66954887602675 	  0.00398866247538109 	  -0.0001558183546539359 	  -0.012172963516048515 	  0.0002881240408340932 	  0.0012733848723637097 	 
61.738756118849636 	  0.0037216933093548 	  -0.00015078502606744132 	  -0.01172780131708266 	  0.00028270817087288047 	  0.0012349683478553467 	 
62.826806490544975 	  0.003472046752054036 	  -0.00014589760396109774 	  -0.011293847423723238 	  0.00027728193474855405 	  0.0011976873125209774 	 
63.93403207220191 	  0.003235778697401528 	  -0.00014112251861336567 	  -0.010873122918212979 	  0.00027189261247266057 	  0.001161319017340435 	 
65.0607707973267 	  0.0030082064764087087 	  -0.00013641341758720326 	  -0.010468130421451284 	  0.0002666001929365243 	  0.0011256389574246593 	 
66.20736655498246 	  0.002789541466237588 	  -0.0001317737177860527 	  -0.010077871285502004 	  0.00026139627902007614 	  0.0010907143884367298 	 
67.37416929474684 	  0.0025839269382006203 	  -0.0001272512831831574 	  -0.009698815830565824 	  0.0002562172310939995 	  0.0010567978187007519 	 
68.5615351335191 	  0.0023913581850611514 	  -0.00012284835061602328 	  -0.00933047548420023 	  0.0002510668441850101 	  0.001023861362597304 	 
69.76982646420971 	  0.002207025649278436 	  -0.00011851897732838122 	  -0.008975488231718027 	  0.0002460034430591637 	  0.000991632997916361 	 
70.99941206634539 	  0.0020281704167829425 	  -0.00011423387785845845 	  -0.00863499379530896 	  0.00024105967882160468 	  0.0009599979524476248 	 
72.25066721862329 	  0.0018581691903886703 	  -0.00011003471383621305 	  -0.008305974084861417 	  0.00023617498277103463 	  0.0009291811618280005 	 
73.52397381344888 	  0.0016991343316605084 	  -0.00010595159816391669 	  -0.007986482241135762 	  0.00023130901646629335 	  0.000899299425755642 	 
74.81972047349241 	  0.001547479035792365 	  -0.0001019451273353608 	  -0.007678419847804441 	  0.00022651411705024496 	  0.0008701523127669756 	 
76.13830267029941 	  0.0013998349448320936 	  -9.797420178882948e-5 	  -0.007383428816709283 	  0.00022184053872719757 	  0.0008415894802116566 	 
77.48012284499157 	  0.0012593685758275422 	  -9.407833609971549e-5 	  -0.00709871641200316 	  0.00021723164101129168 	  0.0008138221565965076 	 
78.84559053109479 	  0.0011291941276968523 	  -9.02978022986997e-5 	  -0.006821669141779128 	  0.00021263870217795965 	  0.0007870035401215043 	 
80.2351224795317 	  0.0010070586823313586 	  -8.660946668674461e-5 	  -0.006553469293684486 	  0.00020809402823097474 	  0.0007609771542469525 	 
81.64914278581742 	  0.0008923375063865507 	  -8.301226171849857e-5 	  -0.0062940296816677765 	  0.00020359478552682786 	  0.0007357020772399794 	 
83.08808301949652 	  0.0007915603389726273 	  -7.960265907062471e-5 	  -0.006038531266973155 	  0.00019901354227588788 	  0.0007115151218728507 	 
84.55238235586127 	  0.0007108324529895823 	  -7.64797015655693e-5 	  -0.005782716942697579 	  0.00019423014535569066 	  0.0006886700585958496 	 
86.04248770999126 	  0.0006531572494189458 	  -7.370636752327248e-5 	  -0.0055245737358694995 	  0.00018917904755951122 	  0.0006672181452463732 	 
87.5588538731551 	  0.0006274080459962984 	  -7.14365535485968e-5 	  -0.005258261771031153 	  0.00018368131897019804 	  0.0006475036245656655 	 
89.10194365161628 	  0.0006468796881870197 	  -6.990310110351369e-5 	  -0.004975360375472186 	  0.00017747200498053573 	  0.000630023785713261 	 
90.67222800788498 	  0.0007180773511818362 	  -6.925446789328686e-5 	  -0.00467236314083818 	  0.0001704177326856786 	  0.000614808984287765 	 
92.27018620445939 	  0.0008411780090021654 	  -6.955463585028164e-5 	  -0.00435023387279884 	  0.00016250193904171435 	  0.0006015496745973807 	 
93.89630595010014 	  0.00101267532182776 	  -7.081738837703145e-5 	  -0.004012285254424829 	  0.00015376927039915128 	  0.0005897580996541708 	 
95.55108354868277 	  0.0012149004130100859 	  -7.281860434731764e-5 	  -0.003671188246569519 	  0.00014457693358764975 	  0.0005782828048273585 	 
97.23502405067315 	  0.001416590576327331 	  -7.50845294687894e-5 	  -0.0033479989631051026 	  0.0001355800918284965 	  0.0005654435480460789 	 
98.9486414072729 	  0.0015871025566552856 	  -7.710221919983323e-5 	  -0.003062249635699754 	  0.0001274387409330833 	  0.000549888887245877 	 
100.69245862728103 	  0.0016987086563673016 	  -7.83574068411021e-5 	  -0.002830545097898079 	  0.00012077034618408733 	  0.0005306459146293171 	 
102.46700793672014 	  0.0017300299362432148 	  -7.839572081186068e-5 	  -0.0026643554962118596 	  0.00011607257140296366 	  0.000507265415317353 	 
104.27283094127554 	  0.0016784724788506534 	  -7.706007806755788e-5 	  -0.0025620076249199732 	  0.00011341684899120661 	  0.0004804031165555911 	 
106.11047879159794 	  0.0015549056405917327 	  -7.443227464366941e-5 	  -0.0025129688918668664 	  0.00011255480367480077 	  0.00045133275463332434 	 
107.98051235151794 	  0.0013748835102168064 	  -7.069214984475696e-5 	  -0.0025041088390301055 	  0.00011312665269840542 	  0.00042140476384056784 	 
109.8835023692267 	  0.0011627179881956095 	  -6.620655373150826e-5 	  -0.002517103714636719 	  0.00011455427099950309 	  0.00039223486532175635 	 
111.82002965147176 	  0.0009396274031765015 	  -6.132730782909479e-5 	  -0.002536696903425905 	  0.00011631734213828129 	  0.0003650162264038797 	 
113.79068524082398 	  0.000720172010621583 	  -5.630394851442212e-5 	  -0.002552856506332301 	  0.0001180742328414031 	  0.00034036752109897414 	 
115.79607059606842 	  0.0005183543027452072 	  -5.141453292025586e-5 	  -0.0025563849689843286 	  0.00011945844267728709 	  0.0003187943654181783 	 
117.83679777577332 	  0.00033964758591006184 	  -4.678940132539146e-5 	  -0.0025443252885766067 	  0.00012032693042816798 	  0.0003002289218557784 	 
119.91348962509578 	  0.000185975485586178 	  -4.250300191729616e-5 	  -0.0025161718640083082 	  0.0001206108373385306 	  0.0002844140385912546 	 
122.026779965878 	  5.9888091854882194e-5 	  -3.8645366734224755e-5 	  -0.0024710540731669684 	  0.0001202302652790122 	  0.000271140399838718 	 
124.17731379009476 	  -4.385957845049578e-5 	  -3.51471907381104e-5 	  -0.0024133570091784406 	  0.00011931764284159832 	  0.0002598138764792069 	 
126.36574745671011 	  -0.00012458621422132898 	  -3.205535565906464e-5 	  -0.0023432473098857014 	  0.00011784767253135726 	  0.00025022946311672333 	 
128.59274889200225 	  -0.00018771045070662838 	  -2.9283740887254942e-5 	  -0.002265012042520091 	  0.00011597495886280027 	  0.00024186556143996203 	 
130.8589977934205 	  -0.00023470775613612524 	  -2.682571265662544e-5 	  -0.0021799961754475927 	  0.00011373650242038727 	  0.0002344971707844104 	 
133.16518583703325 	  -0.0002688349212385294 	  -2.4635470872344283e-5 	  -0.0020907812951915694 	  0.00011121869267009036 	  0.00022782251855774715 	 
135.51201688863299 	  -0.0002929213024971335 	  -2.2672355242580394e-5 	  -0.0019994348476780693 	  0.00010848895356936061 	  0.00022160575204502954 	 
137.90020721856175 	  -0.0003080628654598029 	  -2.0927704456294582e-5 	  -0.0019067914793202277 	  0.00010557454513060746 	  0.00021573993253269855 	 
140.3304857203213 	  -0.00031711456977740425 	  -1.9347168098861033e-5 	  -0.0018148238979839354 	  0.00010255951910515894 	  0.0002100450104818691 	 
142.80359413303793 	  -0.00032043933032434383 	  -1.7928045217635685e-5 	  -0.0017237698329632544 	  9.946048162493048e-5 	  0.00020448685871133019 	 
145.32028726784566 	  -0.00032023580040702293 	  -1.66241159630559e-5 	  -0.0016350031354856816 	  9.634713502015923e-5 	  0.0001989482361299825 	 
147.88133323826136 	  -0.0003165237466284276 	  -1.544117384121425e-5 	  -0.0015484468205648743 	  9.321567777857143e-5 	  0.00019344745684111167 	 
150.48751369461772 	  -0.0003106948241740796 	  -1.4353362607249263e-5 	  -0.0014649211707382943 	  9.009981940210939e-5 	  0.00018791880520527965 	 
153.13962406262917 	  -0.00030306280011687314 	  -1.3356735160029655e-5 	  -0.001384457175663597 	  8.700386259717567e-5 	  0.00018237157133363054 	 
155.83847378616224 	  -0.0002942597022882501 	  -1.2436270572504881e-5 	  -0.0013073204884914056 	  8.394850608125923e-5 	  0.00017679813647291536 	 
158.58488657428276 	  -0.0002844737834500162 	  -1.1584647700468296e-5 	  -0.0012335021280842884 	  8.094635563553375e-5 	  0.00017120970729292482 	 
161.37970065265932 	  -0.000274127966553196 	  -1.0790594253908693e-5 	  -0.0011630875885794165 	  7.801243561321084e-5 	  0.00016561056363617387 	 
164.22376901939475 	  -0.00026345513315983863 	  -1.0048324959967509e-5 	  -0.001096046936158293 	  7.515228599082232e-5 	  0.0001600180949439588 	 
167.11795970536812 	  -0.00025255214034894136 	  -9.358392501462224e-6 	  -0.0010323039213123678 	  7.235991188604072e-5 	  0.00015444884009881255 	 
170.06315603916474 	  -0.00024157178777930028 	  -8.716931993037874e-6 	  -0.0009717675266725552 	  6.96362982457069e-5 	  0.00014891029104916248 	 
173.06025691667327 	  -0.00023072832298996589 	  -8.118317702086194e-6 	  -0.0009144305635471123 	  6.698437293766806e-5 	  0.00014342134664447825 	 
176.1101770754371 	  -0.0002199937473120585 	  -7.556166958829453e-6 	  -0.0008601000260274859 	  6.441552039586321e-5 	  0.00013798834349851448 	 
179.2138473738376 	  -0.00020921559527773442 	  -7.035237010702569e-6 	  -0.00080853068398809 	  6.191993960142291e-5 	  0.0001326412383977964 	 
182.3722150751998 	  -0.0001986108698377468 	  -6.548557491114748e-6 	  -0.0007597128898759909 	  5.95041494068641e-5 	  0.0001273874222134136 	 
185.58624413690444 	  -0.00018808474784054135 	  -6.10132579743559e-6 	  -0.000713452435384724 	  5.7155010843677394e-5 	  0.0001222412574527599 	 
188.85691550459407 	  -0.00017761596200530132 	  -5.694791488526195e-6 	  -0.0006695998626037042 	  5.486633842071925e-5 	  0.00011721021494602287 	 
192.1852274115662 	  -0.0001675476618028386 	  -5.314150788387309e-6 	  -0.0006282808090374325 	  5.265754205818951e-5 	  0.00011227828978236028 	 
195.57219568344027 	  -0.0001582198816390274 	  -4.945452137570089e-6 	  -0.0005895741888370407 	  5.054444470936074e-5 	  0.00010743675655956226 	 
199.01885404819578 	  -0.00014967484315980543 	  -4.584862304102162e-6 	  -0.0005533630957504336 	  4.8527582875340514e-5 	  0.00010269905764870776 	 
202.5262544516745 	  -0.0001421101219096729 	  -4.223531304765928e-6 	  -0.0005196714003192864 	  4.661362960351595e-5 	  9.806696622170229e-5 	 
206.09546737864056 	  -0.0001355544642732607 	  -3.858958429226186e-6 	  -0.0004883766874480428 	  4.479865214906453e-5 	  9.354067143213017e-5 	 
209.7275821795022 	  -0.00012942492512457222 	  -3.5126223197271136e-6 	  -0.00045899108646773424 	  4.304492287705932e-5 	  8.916642629665865e-5 	 
213.42370740278793 	  -0.00012353348498120802 	  -3.1825162544869837e-6 	  -0.00043125754429005497 	  4.1358904510496734e-5 	  8.494050596155672e-5 	 
217.18497113348542 	  -0.00011778544279450013 	  -2.8727957872533957e-6 	  -0.0004050520816693927 	  3.973069650765869e-5 	  8.087307073141374e-5 	 
221.0125213373401 	  -0.00011179681028152005 	  -2.596981770454701e-6 	  -0.00038002324411887524 	  3.814052420554337e-5 	  7.698848275242503e-5 	 
224.90752621122337 	  -0.00010572137413480739 	  -2.3503526498596923e-6 	  -0.0003562305940474438 	  3.659301103361171e-5 	  7.327417385193384e-5 	 
228.87117453967576 	  -9.976638859966064e-5 	  -2.1269314347671686e-6 	  -0.0003337471458938858 	  3.5091680497256465e-5 	  6.970825337043617e-5 	 
232.90467605773122 	  -9.37466078659372e-5 	  -1.9311683467173048e-6 	  -0.0003123704878132682 	  3.363062386306233e-5 	  6.629000367788617e-5 	 
237.00926182013913 	  -8.793900006488808e-5 	  -1.75179198278454e-6 	  -0.0002922481467518962 	  3.222325437781659e-5 	  6.300111721614208e-5 	 
241.18618457708976 	  -8.251763422458051e-5 	  -1.5805304932934073e-6 	  -0.00027341430528696534 	  3.087770731311072e-5 	  5.983475119923775e-5 	 
245.43671915656367 	  -7.7217501522956e-5 	  -1.4273959553276905e-6 	  -0.0002556297701945341 	  2.9577834532029976e-5 	  5.680871926883219e-5 	 
249.7621628534194 	  -7.232366621294869e-5 	  -1.2775187066404517e-6 	  -0.00023903482000032613 	  2.834314726237971e-5 	  5.389707605788091e-5 	 
254.16383582533592 	  -6.780897342840987e-5 	  -1.135228782397333e-6 	  -0.0002235427806380421 	  2.7159915126834326e-5 	  5.110043169798045e-5 	 
258.64308149573657 	  -6.340337554014682e-5 	  -1.009399065497496e-6 	  -0.0002089344453908305 	  2.601536160647833e-5 	  4.8428792452163166e-5 	 
263.20126696381004 	  -5.946167244210638e-5 	  -8.82908290177399e-7 	  -0.00019538528436225376 	  2.493023437417561e-5 	  4.5859196359524116e-5 	 
267.8397834217601 	  -5.5719564610705845e-5 	  -7.651845482186599e-7 	  -0.00018266649745770914 	  2.3889753042006344e-5 	  4.340716148873993e-5 	 
272.56004657940866 	  -5.212251301932667e-5 	  -6.604564561017477e-7 	  -0.00017070769292487924 	  2.288410434597015e-5 	  4.10646608003703e-5 	 
277.36349709627893 	  -4.894278908695236e-5 	  -5.499726093124361e-7 	  -0.00015962682423500862 	  2.1941111104495103e-5 	  3.882786607163635e-5 	 
282.25160102129786 	  -4.582281667241255e-5 	  -4.534414878031964e-7 	  -0.00014918127963625287 	  2.1027300865874183e-5 	  3.6702514732854486e-5 	 
287.22585024024306 	  -4.2913069208700566e-5 	  -3.6226773787405343e-7 	  -0.00013941316795943663 	  2.01537753253941e-5 	  3.4675296774291234e-5 	 
292.2877629310785 	  -4.032678376685551e-5 	  -2.696143126957216e-7 	  -0.00013035778613442668 	  1.9326958982145424e-5 	  3.273680659371206e-5 	 
297.4388840273143 	  -3.771125320262768e-5 	  -1.9212050705459904e-7 	  -0.00012175564117588623 	  1.8522950849600343e-5 	  3.090350097013224e-5 	 
302.6807856895305 	  -3.537549417340191e-5 	  -1.1378427652341816e-7 	  -0.0001138005040146152 	  1.7761771526084927e-5 	  2.9157125574827767e-5 	 
308.0150677852139 	  -3.321030481582161e-5 	  -3.8996066545031736e-8 	  -0.0001063517000391381 	  1.703485221477892e-5 	  2.7492243228864425e-5 	 
313.44335837704745 	  -3.1044071567061044e-5 	  2.3881284111855513e-8 	  -9.930496924366823e-5 	  1.6330092210037912e-5 	  2.5922567872064375e-5 	 
318.9673142198097 	  -2.916450644523844e-5 	  9.048550601467847e-8 	  -9.281117025199402e-5 	  1.5666374403068785e-5 	  2.442308220935077e-5 	 
324.5886212660263 	  -2.7325535646811293e-5 	  1.486860934942065e-7 	  -8.668338918989142e-5 	  1.5025638665304235e-5 	  2.3006706679092048e-5 	 
330.30899518053633 	  -2.556552065428673e-5 	  2.0094377819175846e-7 	  -8.092481680603659e-5 	  1.4410358377455732e-5 	  2.166583783852563e-5 	 
336.13018186412717 	  -2.4012788767954123e-5 	  2.548943101679187e-7 	  -7.560558625155074e-5 	  1.3828613559643744e-5 	  2.038804344498376e-5 	 
342.05395798639364 	  -2.2463722707718264e-5 	  2.9975506098207806e-7 	  -7.057381624462281e-5 	  1.326493875218437e-5 	  1.9184935711466627e-5 	 
348.082131527994 	  -2.1068835649889657e-5 	  3.4470946098596453e-7 	  -6.588784465037793e-5 	  1.2730271285073304e-5 	  1.8041959351556514e-5 	 
354.2165423324566 	  -1.9730350618617218e-5 	  3.8450723997411233e-7 	  -6.150152265568325e-5 	  1.2216125751719215e-5 	  1.696290750436884e-5 	 
360.45906266771465 	  -1.8475928196101995e-5 	  4.212222853429418e-7 	  -5.739593872335271e-5 	  1.1724302707711504e-5 	  1.5941791721129017e-5 	 
366.81159779753773 	  -1.732906146108181e-5 	  4.5683972083152854e-7 	  -5.357138809759382e-5 	  1.1255923108473041e-5 	  1.4974689345663962e-5 	 
373.2760865630298 	  -1.6177982648101907e-5 	  4.848419172599589e-7 	  -4.995394702113475e-5 	  1.0801661679249497e-5 	  1.406517448561398e-5 	 
379.8545019743811 	  -1.5231949127533526e-5 	  5.187900071505554e-7 	  -4.6651671771651934e-5 	  1.0377948857064676e-5 	  1.3197178287356664e-5 	 
386.5488518130427 	  -1.4159889119088388e-5 	  5.381206038075449e-7 	  -4.344995159334571e-5 	  9.95682717945946e-6 	  1.2389433899081865e-5 	 
393.36117924451753 	  -1.3335837582929966e-5 	  5.671855512219213e-7 	  -4.057575171256977e-5 	  9.569655767592019e-6 	  1.1614127574039395e-5 	 
400.2935634419512 	  -1.2461892770802885e-5 	  5.871924629866456e-7 	  -3.781751402720059e-5 	  9.189916377281316e-6 	  1.0890681991809777e-5 	 
407.3481202207082 	  -1.1602576923380336e-5 	  6.021389309181097e-7 	  -3.5222152798513394e-5 	  8.823134491588522e-6 	  1.0209050820324603e-5 	 
414.5270026841376 	  -1.0980495702986352e-5 	  6.280277154259627e-7 	  -3.291488588424616e-5 	  8.488400029884383e-6 	  9.554783500982194e-6 	 
421.8324018807136 	  -1.0133930797769013e-5 	  6.33252485522662e-7 	  -3.058341534555366e-5 	  8.143947836320297e-6 	  8.955517536136047e-6 	 
429.266547472761 	  -9.579018393121986e-6 	  6.539695976140001e-7 	  -2.8566965232939272e-5 	  7.836634340655784e-6 	  8.373670418809708e-6 	 
436.8317084169661 	  -8.926805253021893e-6 	  6.633540198900137e-7 	  -2.6594128856040543e-5 	  7.529596165228305e-6 	  7.835466530473636e-6 	 
444.53019365687624 	  -8.330355283784387e-6 	  6.720564209140887e-7 	  -2.47593010965652e-5 	  7.237192137363202e-6 	  7.32561762758168e-6 	 
452.36435282761 	  -7.822963984147225e-6 	  6.832458958634307e-7 	  -2.308835923087186e-5 	  6.962163345033144e-6 	  6.842544020897293e-6 	 
460.3365769729802 	  -7.28670455573746e-6 	  6.884113936896435e-7 	  -2.1475255354226656e-5 	  6.692937959786024e-6 	  6.391675871505556e-6 	 
468.4492992752599 	  -6.83167831426371e-6 	  6.958881114091107e-7 	  -2.0011039671224065e-5 	  6.4395724995971654e-6 	  5.964721369118226e-6 	 
476.7049957978088 	  -6.354725268475156e-6 	  6.98015010067799e-7 	  -1.8606421768170066e-5 	  6.191799308268983e-6 	  5.566159605816824e-6 	 
485.10618624078336 	  -5.993995029799237e-6 	  7.061897941092527e-7 	  -1.7353488856263427e-5 	  5.963531780809359e-6 	  5.18480822982022e-6 	 
493.65543471017156 	  -5.516500239985944e-6 	  7.015327418454207e-7 	  -1.609303860402021e-5 	  5.7301303071204256e-6 	  4.836192668036793e-6 	 
502.3553505003736 	  -5.251566336892369e-6 	  7.112949330258406e-7 	  -1.5036247719906174e-5 	  5.526174662549517e-6 	  4.495864833253014e-6 	 
511.2085888905816 	  -4.815943292668401e-6 	  7.040701575892584e-7 	  -1.3926346917667196e-5 	  5.310200744344545e-6 	  4.189735818043879e-6 	 
520.2178519551875 	  -4.553665791510416e-6 	  7.084579528647043e-7 	  -1.2989455187042173e-5 	  5.119160215942544e-6 	  3.8892165489559295e-6 	 
529.3858893884775 	  -4.242133640523494e-6 	  7.062313016253993e-7 	  -1.2070283885561188e-5 	  4.928316567185822e-6 	  3.613286568650008e-6 	 
538.7154993438611 	  -3.930840020992853e-6 	  7.014032012698883e-7 	  -1.119880806073455e-5 	  4.743583129780048e-6 	  3.354314666091614e-6 	 
548.2095292878844 	  -3.7161336970129008e-6 	  7.029121114476953e-7 	  -1.04431375166236e-5 	  4.575153298526895e-6 	  3.1059802674543503e-6 	 
557.8708768693028 	  -3.429191118453724e-6 	  6.957372352248167e-7 	  -9.673205291311034e-6 	  4.403355633104807e-6 	  2.880050008803873e-6 	 
567.7024908034608 	  -3.2184544078734677e-6 	  6.935811820345649e-7 	  -9.002556940795743e-6 	  4.246232058138491e-6 	  2.6641748096988067e-6 	 
577.707371772264 	  -3.0047018968285777e-6 	  6.889987807353682e-7 	  -8.359554785261688e-6 	  4.092732123398667e-6 	  2.462047536254357e-6 	 
587.8885733400108 	  -2.7936110960700003e-6 	  6.828048490405357e-7 	  -7.757462834515097e-6 	  3.944091471996866e-6 	  2.2728497795343384e-6 	 
598.2492028853594 	  -2.6123430437383115e-6 	  6.776976902260569e-7 	  -7.204835665011335e-6 	  3.8034500470828316e-6 	  2.0950689195828553e-6 	 
608.7924225497273 	  -2.437144271182985e-6 	  6.716843337826787e-7 	  -6.689080277648645e-6 	  3.668096741213203e-6 	  1.928392234640556e-6 	 
619.5214502023969 	  -2.2709881643526975e-6 	  6.650695823418815e-7 	  -6.204991405070275e-6 	  3.5378090086826792e-6 	  1.7739664378506942e-6 	 
630.4395604226339 	  -2.1103750279526434e-6 	  6.572672653257545e-7 	  -5.751741263236718e-6 	  3.4116989325306575e-6 	  1.627878072590282e-6 	 
641.5500854991163 	  -1.9920649994592614e-6 	  6.528543262713325e-7 	  -5.349917737586458e-6 	  3.2953343835886577e-6 	  1.4912683241822672e-6 	 
652.8564164469689 	  -1.812881868076264e-6 	  6.401898698064785e-7 	  -4.931398595505596e-6 	  3.17339594011079e-6 	  1.3649975967372924e-6 	 
664.3620040427313 	  -1.7476411875503864e-6 	  6.38797238511523e-7 	  -4.607935279845227e-6 	  3.070623988485294e-6 	  1.2400233390400082e-6 	 
676.0703598775564 	  -1.5678499593456747e-6 	  6.237062968663822e-7 	  -4.229590547594259e-6 	  2.9551319325153028e-6 	  1.133192039256824e-6 	 
687.985057428976 	  -1.5125902874197306e-6 	  6.213424828580345e-7 	  -3.952330253243318e-6 	  2.860393905350545e-6 	  1.0236502753377184e-6 	 
700.1097331515554 	  -1.3739340669310463e-6 	  6.085414020015705e-7 	  -3.6372846756953165e-6 	  2.756255411753682e-6 	  9.300371570877239e-7 	 
712.4480875867604 	  -1.2986856514418843e-6 	  6.021420526719393e-7 	  -3.3812323989462988e-6 	  2.6647549732763237e-6 	  8.370554436850655e-7 	 
725.0038864923972 	  -1.2018187612293762e-6 	  5.923334262680778e-7 	  -3.1233954252883354e-6 	  2.572329724590169e-6 	  7.530469315986499e-7 	 
737.7809619919432 	  -1.1231835353582075e-6 	  5.836687393596461e-7 	  -2.890709042980544e-6 	  2.4851201115617378e-6 	  6.736455503002487e-7 	 
750.7832137441454 	  -1.0397870403655292e-6 	  5.737940568157897e-7 	  -2.668785966847206e-6 	  2.399816355064581e-6 	  6.010266889510019e-7 	 
764.014610133221 	  -9.78455539145699e-7 	  5.65962051422176e-7 	  -2.4739785689458547e-6 	  2.3205575814998088e-6 	  5.319847647988835e-7 	 
777.479189480039 	  -8.982781760998801e-7 	  5.549885627709228e-7 	  -2.2789165322877317e-6 	  2.2402510627052956e-6 	  4.700376947188108e-7 	 
791.1810612746491 	  -8.469306285725188e-7 	  5.469566693787713e-7 	  -2.1116348957715266e-6 	  2.1667136822418214e-6 	  4.106491806737658e-7 	 
805.1244074305225 	  -7.82798921380686e-7 	  5.364377603269322e-7 	  -1.9456298984972552e-6 	  2.0922945800345993e-6 	  3.5474953682564185e-7 	 
819.3134835609102 	  -7.258284551840476e-7 	  5.266826611141739e-7 	  -1.7945027732595543e-6 	  2.0223322450910388e-6 	  3.045376942856491e-7 	 
833.7526202776816 	  -6.850902170043808e-7 	  5.183970304961952e-7 	  -1.660508824196065e-6 	  1.956085902672417e-6 	  2.558864125158059e-7 	 
848.4462245130624 	  -6.225301573776353e-7 	  5.06565504558905e-7 	  -1.5209896890812748e-6 	  1.8881601460035224e-6 	  2.1372654914311087e-7 	 
863.3987808646654 	  -5.948430636292991e-7 	  4.992463682644e-7 	  -1.4111983414850407e-6 	  1.828008215842186e-6 	  1.714524093675063e-7 	 
878.6148529642173 	  -3.613958261019027e-7 	  4.876755988540279e-7 	  -1.2904297681845868e-6 	  1.7649996668829868e-6 	  1.359452838091189e-7 	 
894.0990848704206 	  -5.108027336320965e-7 	  4.793019229182317e-7 	  -1.1913096256004015e-6 	  1.7077112802045354e-6 	  9.927648789819263e-8 	 
909.8562024863477 	  -4.7042827898050163e-7 	  4.6975143551036477e-7 	  -1.0956271045573447e-6 	  1.651989797544069e-6 	  7.239722268102986e-8 	 
925.8910150018253 	  -4.384928786434713e-7 	  4.595951451327388e-7 	  -1.0043194688633614e-6 	  1.5955656285950718e-6 	  3.8455313514915716e-8 	 
942.2084163612376 	  -4.0683435895603823e-7 	  4.5005837089090413e-7 	  -9.229347679128495e-7 	  1.5427930726506026e-6 	  1.240789863465628e-8 	 
958.8133867571879 	  -3.790383766019727e-7 	  4.406111746786272e-7 	  -8.466278434725953e-7 	  1.4915008110518942e-6 	  -1.2461992176759274e-8 	 
975.7109941504982 	  -3.4949969773583336e-7 	  4.308251746676605e-7 	  -7.734650909572527e-7 	  1.4417262012838333e-6 	  -3.4205831849161354e-8 	 
992.9063958169821 	  -3.2777430805370076e-7 	  4.221098784859903e-7 	  -7.097956136693738e-7 	  1.3948069058450722e-6 	  -5.4287028470535865e-8 	 
1010.4048399214864 	  -3.0116154686023663e-7 	  4.1230624159068424e-7 	  -6.45640367034886e-7 	  1.3480228491322314e-6 	  -7.19219001032731e-8 	 
1028.2116671196736 	  -2.8117533744505277e-7 	  4.0311608611411346e-7 	  -5.901206252368757e-7 	  1.3031135527644927e-6 	  -8.960002679378166e-8 	 
1046.3323121880223 	  -2.60926780988337e-7 	  3.940302369149197e-7 	  -5.375336529926971e-7 	  1.2600236021015367e-6 	  -1.040301130068676e-7 	 
1064.77230568257 	  -2.402719475037231e-7 	  3.845179754914139e-7 	  -4.872552452801821e-7 	  1.2175817265160322e-6 	  -1.1722168335499478e-7 	 
1083.5372756268719 	  -2.2540788653261274e-7 	  3.758560310489489e-7 	  -4.4343921801527696e-7 	  1.1772943534995575e-6 	  -1.2985233172755368e-7 	 
1102.6329492297234 	  -2.0597117805642952e-7 	  3.66298246956541e-7 	  -3.9979865359605227e-7 	  1.1371882096494765e-6 	  -1.3968300430730954e-7 	 
1122.0651546331405 	  -1.9293334838721795e-7 	  3.5853823848920186e-7 	  -3.627609572834725e-7 	  1.1012341154651061e-6 	  -1.4611206303877026e-7 	 
1141.8398226911547 	  -1.773532070465945e-7 	  3.4880787272820775e-7 	  -3.257258339327852e-7 	  1.0623787986111717e-6 	  -1.5645256929603426e-7 	 
1161.9629887799572 	  -1.641065423810608e-7 	  3.400321606497745e-7 	  -2.92401227146983e-7 	  1.0263835626385653e-6 	  -1.6360283511240534e-7 	 
1182.4407946399335 	  -1.5209384952016867e-7 	  3.3154582915999974e-7 	  -2.619882741910898e-7 	  9.918396212624515e-7 	  -1.6878795163761424e-7 	 
1203.2794902501767 	  -1.4024416002752425e-7 	  3.22730417073863e-7 	  -2.331533710328098e-7 	  9.574626993636103e-7 	  -1.7382669570185978e-7 	 
1224.4854357360205 	  -1.2894775558419358e-7 	  3.14321819122682e-7 	  -2.065779519143072e-7 	  9.248572367967417e-7 	  -1.7726733304974366e-7 	 
1246.0651033101992 	  -1.2042418383719238e-7 	  3.060695348892214e-7 	  -1.8273368379858257e-7 	  8.927896763561829e-7 	  -1.8078781390603086e-7 	 
1268.0250792482202 	  -1.0851257246370744e-7 	  2.9725521504540013e-7 	  -1.5875247398442827e-7 	  8.611136679694134e-7 	  -1.8278532357718367e-7 	 
1290.3720658985355 	  1.1412589869364505e-7 	  2.9007374272592616e-7 	  -1.396317596633062e-7 	  8.324103852006716e-7 	  -1.8394843385447179e-7 	 
1313.1128837281576 	  -9.162701344079479e-8 	  2.811373891213749e-7 	  -1.1797027716495846e-7 	  8.019226571030991e-7 	  -1.8511874826282606e-7 	 
1336.254473404309 	  -8.703349115843536e-8 	  2.733626417294656e-7 	  -1.0075926946083298e-7 	  7.729811007898686e-7 	  -1.8776797216412406e-7 	 
1359.8038979127691 	  -7.778179546561168e-8 	  2.6533510288798115e-7 	  -8.381429417665545e-8 	  7.454466868365696e-7 	  -1.8592802644819272e-7 	 
1383.768344713554 	  -7.248641731870039e-8 	  2.5735803093276763e-7 	  -6.753799426045992e-8 	  7.174461437099334e-7 	  -1.8776609708286054e-7 	 
1408.1551279345736 	  -6.563157587417726e-8 	  2.4951014717558704e-7 	  -5.332262182648318e-8 	  6.908856389726112e-7 	  -1.8603622370446253e-7 	 
1432.9716906039691 	  -5.992618468811961e-8 	  2.4203941451871404e-7 	  -3.975081633877404e-8 	  6.654883683269253e-7 	  -1.8433812940650306e-7 	 
1458.2256069217708 	  -5.4627216693893486e-8 	  2.3435482577841892e-7 	  -2.7003223802388758e-8 	  6.399596922984467e-7 	  -1.8261459870832119e-7 	 
1483.9245845716043 	  -4.911493073845662e-8 	  2.2688922476376093e-7 	  -1.516440795463478e-8 	  6.156014332982206e-7 	  -1.799529059004497e-7 	 
1510.0764670731387 	  -4.4589929358052683e-8 	  2.1954703870205599e-7 	  -4.57120673083269e-9 	  5.917013326934365e-7 	  -1.7752579352905584e-7 	 
1536.6892361759749 	  -4.014005322750538e-8 	  2.122382072802184e-7 	  5.353052358231719e-9 	  5.683692851773973e-7 	  -1.740183920603511e-7 	 
1563.7710142957494 	  -3.571463306776733e-8 	  2.050011868114754e-7 	  1.4730303335638457e-8 	  5.456178785992744e-7 	  -1.7089709909707745e-7 	 
1591.3300669931418 	  -3.241893119618463e-8 	  1.9856787696881456e-7 	  2.3065420602445924e-8 	  5.248231227580638e-7 	  -1.6487418444685398e-7 	 
1619.3748054966 	  -2.821827953830992e-8 	  1.9091694289975126e-7 	  3.177491330751203e-8 	  5.018597125204094e-7 	  -1.6263822486637576e-7 	 
1647.9137892694969 	  -2.536906901662475e-8 	  1.8406721200652004e-7 	  3.945130708483261e-8 	  4.806741683756295e-7 	  -1.580399101185443e-7 	 
1676.9557286225488 	  -2.1717402724306867e-8 	  1.7837457274124215e-7 	  4.6293883615266915e-8 	  4.6286340328140305e-7 	  -1.488825933073702e-7 	 
1706.5094873722715 	  -1.9089415998363142e-8 	  1.7075669740803397e-7 	  5.285004206607538e-8 	  4.405421040844085e-7 	  -1.4723559422632942e-7 	 
1736.5840855462714 	  -1.6181378167487043e-8 	  1.641286837878485e-7 	  5.893419750590156e-8 	  4.2096385052771685e-7 	  -1.4129483868102565e-7 	 
1767.1887021362386 	  -1.336722536588762e-8 	  1.5726263454815522e-7 	  6.548517210124872e-8 	  4.011112382641329e-7 	  -1.3683371332028665e-7 	 
1798.3326778994324 	  -1.1163331002075315e-8 	  1.5061038322585152e-7 	  7.220817081572178e-8 	  3.818351144543143e-7 	  -1.3141772931451327e-7 	 
1830.025518209555 	  -8.334234652016547e-9 	  1.441216778244785e-7 	  7.403844680258081e-8 	  3.63460637730651e-7 	  -1.257569465691041e-7 	 
1862.2768959578668 	  -6.412672562206539e-9 	  1.3796883813967545e-7 	  7.951157049732614e-8 	  3.4578667071537144e-7 	  -1.1867650824569169e-7 	 
1895.0966545054139 	  -3.980380107594005e-9 	  1.318206154855743e-7 	  8.539038265421007e-8 	  3.286191647328355e-7 	  -1.1215622238392148e-7 	 
1928.494810687309 	  -2.0193993375154032e-9 	  1.2529541516434036e-7 	  9.066764781344489e-8 	  3.1060323685381623e-7 	  -1.0590367312066057e-7 	 
1962.4815578699313 	  -1.4730989454115964e-10 	  1.1947468750750723e-7 	  9.56345789727337e-8 	  2.9453292423905525e-7 	  -9.865384926869074e-8 	 
1997.0672690620238 	  1.5749550211206885e-9 	  1.1298975334842814e-7 	  1.0173493728182717e-7 	  2.7713636445167555e-7 	  -9.187943967014956e-8 	 
2032.2625000806186 	  3.313291890914963e-9 	  1.0667334224997116e-7 	  1.0631603703978004e-7 	  2.6011441634539166e-7 	  -8.623946057614212e-8 	 
2068.077992772737 	  5.39053633535195e-9 	  1.0037764760954453e-7 	  1.111487725314059e-7 	  2.4364727834136594e-7 	  -7.828693823494938e-8 	 
2104.524678293899 	  6.704227445202408e-9 	  9.47464366585281e-8 	  1.1532901099936778e-7 	  2.2851263396950507e-7 	  -7.027228962321107e-8 	 
2141.6136804443754 	  8.628089817468432e-9 	  8.892822292689305e-8 	  1.201448070302794e-7 	  2.1347806403614848e-7 	  -6.062679359216303e-8 	 
2179.3563190642653 	  9.787570343007147e-9 	  8.416832561660587e-8 	  1.2367998797662455e-7 	  2.0069576921973164e-7 	  -4.901360842923811e-8 	 
2217.7641134883993 	  1.1524092788454879e-8 	  7.656478155744581e-8 	  1.2824075876435778e-7 	  1.8177232828058238e-7 	  -4.6482520280906724e-8 	 
2256.8487860621126 	  1.2814063896487007e-8 	  6.999533980309664e-8 	  8.948881590930128e-7 	  1.649921238199806e-7 	  -3.7062138903577494e-8 	 
2296.6222657190083 	  1.4516279372194816e-8 	  6.44661060973209e-8 	  1.3712516962975503e-7 	  1.5112807584925393e-7 	  -2.624870320612149e-8 	 
2337.0966916217417 	  1.57057865842033e-8 	  5.9600752707855924e-8 	  1.4157294504186273e-7 	  1.3846880755405744e-7 	  -1.0895335353431474e-8 	 
2378.2844168669976 	  1.7498401128484798e-8 	  5.092373172700204e-8 	  1.4689394135907864e-7 	  1.1741327513905877e-7 	  -7.01123524820749e-9 	 
2420.198012255736 	  1.8797577779304204e-8 	  4.4631710273661415e-8 	  1.5203135812949516e-7 	  1.0155313703762382e-7 	  5.9621925129425104e-9 	 
2462.8502701298967 	  2.0614836549658066e-8 	  3.717281497337264e-8 	  1.580879317240396e-7 	  8.332988361141921e-8 	  1.750142260275623e-8 	 
2506.2542082767286 	  2.1956084391991226e-8 	  3.045554819732751e-8 	  1.6335212849288835e-7 	  6.66044074149577e-8 	  2.8737204325601434e-8 	 
2550.4230739018953 	  2.4193336256028478e-8 	  2.1538006362419993e-8 	  1.721190799842821e-7 	  4.485885155949916e-8 	  4.721011370007826e-8 	 
2595.370347672644 	  2.6504265721747813e-8 	  1.2988012301939572e-8 	  1.8163772547716602e-7 	  2.3920269480161846e-8 	  6.8445940024864e-8 	 
2641.109747832185 	  2.883584523711495e-8 	  1.960334728952385e-9 	  1.9225899286981382e-7 	  -2.928333720610546e-9 	  8.772467808283516e-8 	 
2687.655234386611 	  3.174362203441933e-8 	  -8.507137186239267e-9 	  2.0494275763183788e-7 	  -2.842063794512534e-8 	  1.1028579000356494e-7 	 
2735.0210133656037 	  3.141159271057775e-8 	  -1.1113553048709964e-8 	  2.016942451927497e-7 	  -3.58990533744991e-8 	  1.1145793494497982e-7 	 
2783.2215411581997 	  3.039132272008031e-8 	  -9.099691500022802e-9 	  1.9455692496949467e-7 	  -3.242818572553078e-8 	  9.594919484438014e-8 	 
2832.2715289250114 	  2.787912609554034e-8 	  -3.951337581944993e-9 	  1.814142748855852e-7 	  -2.1923309030279155e-8 	  7.370208723840553e-8 	 
2882.1859470881627 	  2.5905872368292353e-8 	  7.515104345439195e-10 	  1.6942312222645557e-7 	  -1.2204796250321313e-8 	  5.487881217308896e-8 	 
2932.9800299003823 	  2.418536321879849e-8 	  3.981642685598341e-9 	  1.6004267721232836e-7 	  -6.0172065949183084e-9 	  3.940094281398523e-8 	 
2984.6692800946194 	  2.2779762502376273e-8 	  6.285456342017442e-9 	  1.5208746394940163e-7 	  -1.8864824375906425e-9 	  2.6822290369591726e-8 	 
3037.269473615574 	  2.1640653600333013e-8 	  7.283638046095259e-9 	  1.4523161549754527e-7 	  -7.087385367685591e-10 	  1.4387246422269194e-8 	 
3090.796664434656 	  2.0553697417866836e-8 	  9.213854564036868e-9 	  1.391097562947623e-7 	  2.6294679598015247e-9 	  7.544916314201067e-9 	 
3145.267189449756 	  1.9647427787193075e-8 	  1.0292956832613273e-8 	  1.3375846396198168e-7 	  4.0878275902585086e-9 	  4.5531970154110484e-10 	 
3200.6976734713967 	  1.882998858731777e-8 	  9.635318274048549e-9 	  1.291912474536821e-7 	  1.594546716754872e-9 	  -1.0042058682491007e-8 	 
3257.10503429676 	  1.8039038481901448e-8 	  9.832366866623756e-9 	  1.2485192446507678e-7 	  1.0542336463683079e-9 	  -1.67438515056195e-8 	 
3314.506487873102 	  1.7332861449732718e-8 	  1.0087915963474092e-8 	  1.204830731755828e-7 	  8.530645125894318e-10 	  -2.1889105232178145e-8 	 
3372.919553552214 	  1.667611549270995e-8 	  1.010837755604958e-8 	  1.1691531623928836e-7 	  2.427189040029514e-11 	  -2.703329978675386e-8 	 
3432.362059437434 	  1.606469842422353e-8 	  9.669005468756347e-9 	  1.1350419080181533e-7 	  -1.7814713340764137e-9 	  -3.2700811032576026e-8 	 
3492.8521478249413 	  1.556205955642252e-8 	  9.428245131589075e-9 	  1.1030875656373334e-7 	  -2.999127355813858e-9 	  -3.6988528193394314e-8 	 
3554.408280740901 	  1.494521991050683e-8 	  9.144464807966664e-9 	  1.068774388704561e-7 	  -4.411989840743374e-9 	  -4.107546294411954e-8 	 
3617.049245576217 	  1.4449546708884479e-8 	  8.547623125469876e-9 	  1.0406474244946031e-7 	  -6.36527821615931e-9 	  -4.538072203570695e-8 	 
3680.7941608205992 	  1.3990506160229332e-8 	  8.53509457243881e-9 	  1.0127003356456805e-7 	  -7.02105483277605e-9 	  -4.7713454148097984e-8 	 
3745.662481897642 	  1.3503440736588735e-8 	  8.859627876739513e-9 	  9.829356174701983e-8 	  -6.8776045793212855e-9 	  -4.872323980821224e-8 	 
3811.6740071027934 	  1.3196454352281685e-8 	  7.930960611205552e-9 	  9.639909360305709e-8 	  -9.50918817872039e-9 	  -5.3003948376803956e-8 	 
3878.848883645918 	  1.2656637761630598e-8 	  6.609839884425788e-9 	  9.387112773894661e-8 	  -1.3167936282613873e-8 	  -5.8431615026523e-8 	 
3947.2076138003845 	  1.2322389012823891e-8 	  5.969952589713442e-9 	  9.179080521245034e-8 	  -1.510515552476688e-8 	  -6.142362537385461e-8 	 
4016.7710611605276 	  1.1892095428028147e-8 	  5.8852954641254045e-9 	  8.938579080076659e-8 	  -1.5758881093978306e-8 	  -6.262418485679397e-8 	 
4087.560457009342 	  1.1550864031299027e-8 	  1.2845534268224975e-8 	  8.714126576147957e-8 	  -2.3406734189301642e-11 	  -4.265664321228078e-8 	 
4159.5974067984625 	  1.1264788350216026e-8 	  4.118398310916841e-9 	  8.567665511314959e-8 	  -2.0780772888508706e-8 	  -6.945825108626897e-8 	 
4232.903896742278 	  1.0933793819278438e-8 	  3.4603044855568122e-9 	  8.358556149626554e-8 	  -2.2738607275002292e-8 	  -7.199918398536125e-8 	 
4307.502300528305 	  1.0615337968447187e-8 	  2.709331134119456e-9 	  8.193030885129761e-8 	  -2.4895021533622964e-8 	  -7.47054449604302e-8 	 
4383.41538614581 	  1.0310731007833777e-8 	  1.7727424318786906e-9 	  8.0022644640158e-8 	  -2.7383550965492495e-8 	  -7.773228395886645e-8 	 
4460.666322834745 	  9.992749622541841e-9 	  2.874039609485841e-9 	  7.827121945625395e-8 	  -2.5252358764461474e-8 	  -7.482602008700941e-8 	 
4539.278688157207 	  9.785401417908934e-9 	  2.842170641660272e-9 	  7.674837896337606e-8 	  -2.5643377134015562e-8 	  -7.507151447162036e-8 	 
4619.276475193451 	  9.498004216875009e-9 	  1.6821650956197109e-10 	  7.527926110707115e-8 	  -3.223572319969825e-8 	  -8.32484768568515e-8 	 
4700.684099864773 	  9.201081512517389e-9 	  -6.210252020024496e-10 	  7.386213626394839e-8 	  -3.440877729480614e-8 	  -8.56992812492395e-8 	 
4783.526408385447 	  8.999068672828437e-9 	  -1.4170692681236663e-9 	  7.24004487378098e-8 	  -3.657099728951634e-8 	  -8.810030087241138e-8 	 
4867.828684845938 	  8.693743989756148e-9 	  -6.410254862252727e-10 	  6.099510519612619e-7 	  -3.507933893689492e-8 	  -8.578780485422271e-8 	 
4953.616658929837 	  8.524505360663978e-9 	  -1.8060934843212826e-9 	  6.952615909074583e-8 	  -3.8163147942430813e-8 	  -8.939697755240925e-8 	 
5040.9165137667105 	  8.264514012307758e-9 	  -3.4319739532479194e-9 	  6.835039812257406e-8 	  -4.2276409079574056e-8 	  -9.430247657381309e-8 	 
5129.7548939234275 	  8.073752744082876e-9 	  -4.281828384276683e-9 	  6.724896514588262e-8 	  -4.460972096049977e-8 	  -9.692719659243321e-8 	 
5220.1589135362465 	  7.818027853624726e-9 	  -4.29389703463775e-9 	  6.574792889569582e-8 	  -4.493978432226102e-8 	  -9.697591116070821e-8 	 
5312.156164586265 	  7.621595877103421e-9 	  -5.696903424126476e-9 	  6.476578643027364e-8 	  -4.854735793800257e-8 	  -1.0127546275626367e-7 	 
5405.774725320715 	  7.4392090519366045e-9 	  -6.582969032402641e-9 	  6.3723054933477e-8 	  -5.094346810802165e-8 	  -1.040424386979352e-7 	 
5501.043168822617 	  7.264611307713528e-9 	  -7.117869703656617e-9 	  6.262151724407455e-8 	  -5.2585282165357456e-8 	  -1.0593905266767115e-7 	 
5597.990571731539 	  7.087102322642819e-9 	  -7.731450207757671e-9 	  6.145417861346732e-8 	  -5.438009599202321e-8 	  -1.0802065291667412e-7 	 
5696.646523117965 	  6.876708515496167e-9 	  -7.11660941001866e-9 	  6.015436821002483e-8 	  -5.325264320183839e-8 	  -1.063282997766001e-7 	 
5797.0411335141225 	  6.72774047108267e-9 	  -8.218818220472757e-9 	  5.9381934091545846e-8 	  -5.6103007056565874e-8 	  -1.0974676147792819e-7 	 
5899.205044103951 	  6.588550022347557e-9 	  -8.817910057538003e-9 	  5.8336601942996384e-8 	  -5.776868245715413e-8 	  -1.1164660940376673e-7 	 
6003.169436074985 	  6.317070349039502e-9 	  -9.362822413431819e-9 	  5.691539597160491e-8 	  -5.9264923639481255e-8 	  -1.1331754809112577e-7 	 
6108.966040135128 	  6.217092308945326e-9 	  -1.096038434874029e-8 	  5.642838675186431e-8 	  -6.326999131253563e-8 	  -1.1826921106363611e-7 	 
