              the σ_i range  the I_l^n range      ratio
             [1e-06, 1e+01]   [1e-05, 1e+03]           
sigma_0        1.858428e+01     1.432850e+02     7.7100
sigma_1        1.575556e+01     1.732273e+01     1.0995
sigma_2        1.010636e+02     1.011282e+02     1.0006
sigma_3        3.734929e+03     3.732690e+03     0.9994
sigma_4        2.074924e+06     1.491560e+06     0.7189

k range            I_l^n         l_si          l_b          l_a   branch  spline(fmin) fit(0.9 fmin)
[1e-05, 1e+03]     I_0^0       -0.3824   1.3435e+01  -8.6876e+00       if    3.3497e+01    3.5287e+01
[1e-05, 1e+03]     I_2^2       -0.3682   1.1791e+00  -6.5470e-01       if    2.8959e+00    3.0391e+00
[1e-05, 1e+03]     I_1^1       -0.3723   5.3583e+00  -3.1519e+00       if    1.3178e+01    1.3847e+01
[1e-08, 1e+03]     I_0^0       -0.3827   1.3415e+01  -8.6640e+00       if    3.3498e+01    3.5290e+01
[1e-08, 1e+03]     I_2^2       -0.3683   1.1785e+00  -6.5400e-01       if    2.8960e+00    3.0392e+00
[1e-08, 1e+03]     I_1^1       -0.3725   5.3540e+00  -3.1468e+00       if    1.3179e+01    1.3847e+01
[1e-08, 1e+01]     I_0^0       -0.0000   5.9242e+04   0.0000e+00   elseif    1.6185e+01    5.9250e+04
[1e-08, 1e+01]     I_2^2       -0.0000   2.0747e+03   0.0000e+00   elseif    1.0831e+00    2.0750e+03
[1e-08, 1e+01]     I_1^1       -0.0000   1.3476e+04   0.0000e+00   elseif    5.4093e+00    1.3477e+04
[1e-06, 1e+01]     I_0^0       -0.0000   5.8789e+04   0.0000e+00   elseif    1.6227e+01    5.8797e+04
[1e-06, 1e+01]     I_2^2       -0.0000   2.3507e+03   0.0000e+00   elseif    1.0863e+00    2.3510e+03
[1e-06, 1e+01]     I_1^1       -0.0000   1.3320e+04   0.0000e+00   elseif    5.4240e+00    1.3322e+04
[1e-07, 1e+02]     I_0^0       -0.4271   1.1064e+01  -5.9166e+00       if    3.4546e+01    3.5690e+01
[1e-07, 1e+02]     I_2^2       -0.3491   1.2884e+00  -7.7860e-01       if    2.8426e+00    3.0249e+00
[1e-07, 1e+02]     I_1^1       -0.4129   4.5196e+00  -2.2023e+00       if    1.3318e+01    1.4062e+01
[1e-04, 1e+04]     I_0^0       -0.3824   1.3435e+01  -8.6874e+00       if    3.3497e+01    3.5287e+01
[1e-04, 1e+04]     I_2^2       -0.3682   1.1791e+00  -6.5470e-01       if    2.8959e+00    3.0391e+00
[1e-04, 1e+04]     I_1^1       -0.3723   5.3583e+00  -3.1519e+00       if    1.3178e+01    1.3847e+01

k_min = 1e-08, k_max = 1e+01  ->  saturation scale 1/k_max = 0.1
[fit_min, fit_max]         l_si          l_b          l_a  spline(fmin+)  fit(0.9 fmin)
[   5e-02,    5e-01]   -0.0000   5.9242e+04   0.0000e+00     1.6185e+01     5.9250e+04
[   2e-01,    2e+00]   -0.3031   1.6352e+01   0.0000e+00     1.4697e+01     2.7500e+01
[   5e-01,    5e+00]   -0.7318   6.0351e+00  -9.1008e-01     9.3371e+00     9.9161e+00
[   1e+00,    1e+01]   -0.8378   5.8346e+00  -5.4672e-01     5.1629e+00     5.8264e+00
[   2e+00,    2e+01]   -1.0251   6.1005e+00  -2.2198e-01     2.7461e+00     3.1176e+00

k range              decades     right edge  r_si of I_0^0  r_si of I_2^2
[1e-05, 1e+03]           8.0     9.6466e+04         1.6784        -3.2512
[1e-08, 1e+03]          11.0     9.5173e+07        -0.0220        -0.0095
[1e-08, 1e+01]           9.0     9.6033e+05         0.0987        -1.0703
[1e-06, 1e+01]           7.0     9.6901e+03        -3.9924        -3.9557
[1e-07, 1e+02]           9.0     9.6033e+05         0.0302        -0.4158
[1e-04, 1e+04]           8.0     9.6466e+04        14.9341        -7.7188
