###################################
#   ____       ____  ____  _____  #
#  / ___| __ _|  _ \/ ___|| ____| #
# | |  _ / _` | |_) \___ \|  _|   #
# | |_| | (_| |  __/ ___) | |___  # 
#  \____|\__,_|_|   |____/|_____| #
###################################
# 
#
# The I_l^n computed by direct quadrature (`I_direct`), and their ratio
# to the analytic small-s asymptote sigma_{n-l} s^{l-n} / (2l+1)!! .
# All the ratios must tend to 1 for s -> 0 .
#
# s [h_0^{-1} Mpc] 	 I00 	 I20 	 I40 	 I02 	 I22 	 I31 	 I13 	 I11 	 I00_ratio 	 I20_ratio 	 I40_ratio 	 I02_ratio 	 I22_ratio 	 I31_ratio 	 I13_ratio 	 I11_ratio
1.0e-6 	 143.2850400239811 	 1.564489762603859e-6 	 1.343885352984409e-14 	 1.0112817127404284e14 	 9.552336150597766 	 2.2349853943467299e-7 	 3.370939042468422e13 	 47.76168052949043 	 1.0000000032148255 	 1.0000000164532434 	 1.0000001836617316 	 1.0000000001440905 	 1.000000018813002 	 1.00000002504317 	 1.0000000001441876 	 1.000000014133552
1.2067926406393288e-6 	 143.2850382391002 	 2.278442243642689e-6 	 2.8503147921467085e-14 	 6.9439542002710836e13 	 9.552336099601156 	 3.2549175316369027e-7 	 2.314651400090683e13 	 47.76168017251438 	 0.9999999907579707 	 0.9999999988132422 	 1.0000001694427678 	 1.0000000001439795 	 1.0000000134743487 	 1.0000000113231677 	 1.0000000001441185 	 1.000000006659442
1.4563484775012444e-6 	 143.28503563969085 	 3.318205807358871e-6 	 6.045377564069377e-14 	 4.768058131378141e13 	 9.552336025332334 	 4.74029409687522e-7 	 1.5893527104597053e13 	 47.76167965263229 	 0.9999999726164441 	 0.9999999731232516 	 1.0000001487350023 	 1.000000000143821 	 1.0000000056994107 	 0.9999999913420677 	 1.0000000001440255 	 0.9999999957745215
1.757510624854793e-6 	 143.2850318540451 	 4.832463794783126e-6 	 1.2821948525645042e-13 	 3.27398160882342e13 	 9.552335917171028 	 6.903519890003726e-7 	 1.0913272029414525e13 	 47.761678895503394 	 0.9999999461960603 	 0.9999999357096776 	 1.00000011857728 	 1.0000000001435951 	 0.9999999943763891 	 0.9999999622426181 	 1.0000000001438816 	 0.9999999799222965
2.1209508879201924e-6 	 143.28502634082682 	 7.037750906644892e-6 	 2.719472191593768e-13 	 2.248075690263201e13 	 9.552335759650475 	 1.0053930255131607e-6 	 7.493585634213776e12 	 47.76167779285939 	 0.9999999077187824 	 0.999999881222476 	 1.0000000746571303 	 1.000000000143275 	 0.9999999778861239 	 0.9999999198636845 	 1.0000000001436895 	 0.9999999568359225
2.5595479226995334e-6 	 143.28501831166045 	 1.024941700460982e-5 	 5.767866590504739e-13 	 1.543638576200699e13 	 9.55233553024572 	 1.464202511628069e-6 	 5.145461920672209e12 	 47.76167618702587 	 0.9999998516824622 	 0.9999998018701312 	 1.000000010694088 	 1.000000000142771 	 0.999999953870558 	 0.9999998581451903 	 1.000000000143395 	 0.9999999232141252
3.0888435964774785e-6 	 143.28500661839823 	 1.4926721124936961e-5 	 1.2233360626968371e-12 	 1.0599376454515445e13 	 9.552335196152416 	 2.1323889068961425e-6 	 3.533125484841669e12 	 47.761673848373185 	 0.9999997700740664 	 0.9999996863054765 	 0.9999999175416169 	 1.0000000001420657 	 0.999999918895521 	 0.9999997682615633 	 1.0000000001429676 	 0.9999998742490827
3.727593720314938e-6 	 143.2849895889371 	 2.1738503925743714e-5 	 2.594635356406997e-12 	 7.278049600251429e12 	 9.552334709596227 	 3.1055009314827197e-6 	 2.4260165334203e12 	 47.76167044248027 	 0.9999996512238278 	 0.9999995180030882 	 0.9999997818791724 	 1.000000000141053 	 0.999999867959688 	 0.9999996373596953 	 1.0000000001423541 	 0.9999998029389252
4.498432668969444e-6 	 143.28496478811337 	 3.1658829335609235e-5 	 5.503093075744279e-12 	 4.997464351889087e12 	 9.552334001001 	 4.522690691243187e-6 	 1.6658214506328865e12 	 47.7616654823143 	 0.9999994781365062 	 0.9999992728962106 	 0.9999995843074068 	 1.0000000001395393 	 0.9999997937793798 	 0.9999994467209915 	 1.0000000001414548 	 0.9999996990865065
5.428675439323859e-6 	 143.2849286694879 	 4.6106271444231284e-5 	 1.1671786786943528e-11 	 3.431503125167332e12 	 9.552332969039602 	 6.586611873716871e-6 	 1.1438343750589714e12 	 47.76165825858635 	 0.9999992260611633 	 0.9999989159352898 	 0.9999992965741349 	 1.0000000001373621 	 0.9999996857470198 	 0.9999991690846727 	 1.0000000001401546 	 0.999999547841241
6.5512855685955095e-6 	 143.2848760682138 	 6.714676331414207e-5 	 2.475527617592608e-11 	 2.356237657517332e12 	 9.552331466144816 	 9.592398295631168e-6 	 7.854125525089655e11 	 47.76164773832587 	 0.9999988589518388 	 0.9999983960760211 	 0.9999988775343612 	 1.0000000001341953 	 0.9999995284143223 	 0.9999987647495828 	 1.0000000001382545 	 0.9999993275755278
7.906043210907702e-6 	 143.2847994624969 	 9.778901248586375e-5 	 5.250469294406919e-11 	 1.6179078660824597e12 	 9.552329277407274 	 1.3969866427222394e-5 	 5.393026220306543e11 	 47.761632417170155 	 0.9999983243132111 	 0.9999976389802412 	 0.9999982672667167 	 1.0000000001295888 	 0.9999992992831915 	 0.9999981758970963 	 1.0000000001354623 	 0.999999006792093
9.540954763499944e-6 	 143.2846878980228 	 0.0001424147224239364 	 1.1135977614713415e-10 	 1.1109345675613772e12 	 9.552326089844989 	 2.0344976254816073e-5 	 3.703115225236462e11 	 47.76161010424882 	 0.9999975456940725 	 0.9999965363859665 	 0.9999973785049894 	 1.0000000001228238 	 0.9999989655886592 	 0.999997318323315 	 1.0000000001314304 	 0.9999985396200545
1.1513953993264481e-5 	 143.2845254215802 	 0.0002074051311314456 	 2.361883103873937e-10 	 7.628219376838977e11 	 9.552321447648382 	 2.9629338188536458e-5 	 2.542739792311507e11 	 47.76157760890396 	 0.9999964117554346 	 0.9999949306266182 	 0.9999960841595293 	 1.000000000113027 	 0.9999984796136451 	 0.9999960693984074 	 1.000000000125552 	 0.9999978592556923
1.3894954943731388e-5 	 143.28428879991282 	 0.00030205344057974667 	 5.009428623421112e-10 	 5.2379080244710205e11 	 9.552314687002845 	 4.315056307465842e-5 	 1.745969341522193e11 	 47.76153028445119 	 0.999994760350179 	 0.9999925920859748 	 0.9999941991443015 	 1.0000000000987306 	 0.9999977718657647 	 0.9999942505314153 	 1.000000000116974 	 0.9999968684100412
1.6768329368110066e-5 	 143.28394419769378 	 0.0004398935701415888 	 1.0624722919227553e-9 	 3.596603495167005e11 	 9.552304841169043 	 6.284209037341159e-5 	 1.1988678317541615e11 	 47.761461363754876 	 0.9999923553383223 	 0.9999891863655072 	 0.9999914539112119 	 1.0000000000779363 	 0.9999967411405231 	 0.9999916016333702 	 1.0000000001044835 	 0.9999954253976403
2.0235896477251556e-5 	 143.28344233971674 	 0.0006406351536048314 	 2.253442541560277e-9 	 2.469603635820029e11 	 9.552290502250587 	 9.151962957819619e-5 	 8.232012119718443e10 	 47.7613609916231 	 0.9999888528234849 	 0.9999842264701291 	 0.9999874559078403 	 1.0000000000476386 	 0.9999952400502662 	 0.9999877439277406 	 1.0000000000863105 	 0.9999933238775078
2.4420530945486497e-5 	 143.28271146584672 	 0.0009329812912342091 	 4.779413130949969e-9 	 1.6957504840793777e11 	 9.552269619887442 	 0.00013328372437819137 	 5.652501613916399e10 	 47.761214815712734 	 0.9999837519848191 	 0.999977003177398 	 0.9999816334485634 	 1.00000000000349 	 0.9999930539501113 	 0.999982125791607 	 1.000000000059832 	 0.9999902633505161
2.9470517025518096e-5 	 143.2816470720204 	 0.0013587315893164868 	 1.0136814566675168e-8 	 1.1643851112337761e11 	 9.55223920809952 	 0.00019410596087586463 	 3.881283704430979e10 	 47.761001934536274 	 0.9999763234784688 	 0.9999664836379704 	 0.9999731539758039 	 0.9999999999392409 	 0.9999898702484478 	 0.9999739438861136 	 1.0000000000212736 	 0.9999858061962219
3.5564803062231284e-5 	 143.28009697173115 	 0.001978756365563734 	 2.1499420350274422e-8 	 7.995236916940367e10 	 9.552194918383528 	 0.00028268255214058263 	 2.6650789726318592e10 	 47.76069190936518 	 0.9999655051802433 	 0.9999511637177463 	 0.9999608050293295 	 0.9999999998456366 	 0.9999852337159674 	 0.9999620283045982 	 0.9999999999651091 	 0.9999793151102291
4.291934260128778e-5 	 143.27783954500177 	 0.0028816945230547993 	 4.5598394588099524e-8 	 5.489920193804523e10 	 9.552130418067014 	 0.0004116771602070554 	 1.8299733982532627e10 	 47.76024041317476 	 0.9999497503831182 	 0.9999288529888448 	 0.9999428209160801 	 0.9999999997093285 	 0.9999784814077665 	 0.9999446753288028 	 0.999999999883332 	 0.9999698620048989
5.1794746792312125e-5 	 143.27455207114696 	 0.004196615063583387 	 9.670942240109049e-8 	 3.7696473594934235e10 	 9.55203648513138 	 0.0005995302532865411 	 1.2565491201495338e10 	 47.759582895403675 	 0.9999268067885543 	 0.99989636166997 	 0.9999166303233861 	 0.9999999995108396 	 0.9999686479035932 	 0.999919403907138 	 0.9999999997642262 	 0.9999560953666002
6.250551925273976e-5 	 143.2697646310985 	 0.00611144474070442 	 2.0510811123470049e-7 	 2.588424004721403e10 	 9.551899690289705 	 0.0008730928355450947 	 8.628080018921907e9 	 47.75862535861307 	 0.9998933947864147 	 0.9998490448476168 	 0.9998784888457936 	 0.9999999992217584 	 0.9999543273392735 	 0.9998826010945957 	 0.999999999590774 	 0.9999360471439764
7.543120063354622e-5 	 143.26279301737762 	 0.008899779861823161 	 4.3500006435548436e-7 	 1.7773383524750786e10 	 9.551700478335874 	 0.0012714592659839297 	 5.924461178100863e9 	 47.757230932413144 	 0.9998447392272432 	 0.9997801390111203 	 0.9998229440066521 	 0.9999999988007484 	 0.9999334725499908 	 0.9998290058855324 	 0.9999999993381703 	 0.9999068516423909
9.102981779915228e-5 	 143.25264112146695 	 0.012959880008023684 	 9.225391316404985e-7 	 1.2204073261606396e10 	 9.551410375409235 	 0.0018515432210221927 	 4.0680244237193084e9 	 47.755200333825044 	 0.9997738881743935 	 0.9996797964691275 	 0.9997420565473943 	 0.9999999981876594 	 0.9999031027087788 	 0.9997509579097278 	 0.9999999989703103 	 0.9998643364169154
0.00010985411419875583 	 143.237858974727 	 0.018871342827448113 	 1.956429657223387e-6 	 8.379912801948074e9 	 9.550987924958529 	 0.002696185608157906 	 2.7933042704997134e9 	 47.75224343918484 	 0.999670722158004 	 0.9995336805074891 	 0.9996242672106189 	 0.9999999972948298 	 0.9998588778770734 	 0.9996373041528135 	 0.999999998434587 	 0.999802427065125
0.00013257113655901095 	 143.2163364281997 	 0.027477401382182586 	 4.148779234493016e-6 	 5.754057439213125e9 	 9.550372775786277 	 0.003925935737345293 	 1.9180191495878215e9 	 47.74793794319409 	 0.9995205142466066 	 0.9993209223837743 	 0.9994527481990018 	 0.9999999959946577 	 0.9997944801031544 	 0.999471808627844 	 0.999999997654415 	 0.9997122816597735
0.00015998587196060574 	 143.18500357222487 	 0.04000426727412263 	 8.797158228704387e-6 	 3.951016887243658e9 	 9.549477086378973 	 0.005716152061764455 	 1.3170056322643661e9 	 47.741669279833225 	 0.9993018392469674 	 0.9990111522193418 	 0.9992030061785449 	 0.9999999941013625 	 0.999700713572116 	 0.9992308402620683 	 0.9999999965183202 	 0.999581032855712
0.00019306977288832496 	 143.13939633644011 	 0.05823385449483853 	 1.865155084932566e-5 	 2.712961174739094e9 	 9.548173036711297 	 0.00832178657795539 	 9.043203947624257e8 	 47.73254339697848 	 0.9989835419849242 	 0.9985601881255562 	 0.9988393995842552 	 0.9999999913445049 	 0.9995641972611686 	 0.998880014046172 	 0.9999999948639741 	 0.9993899616270082
0.00023299518105153718 	 143.07302786144044 	 0.08475303639730793 	 3.9538059793670056e-5 	 1.862851649698633e9 	 9.54627470484034 	 0.012113224922443112 	 6.209505530816337e8 	 47.7192602992793 	 0.9985203500480554 	 0.9979037859959673 	 0.9983100839127388 	 0.9999999873305114 	 0.9993654676648956 	 0.9983693171584648 	 0.9999999924550569 	 0.999111849597874
0.0002811768697974231 	 142.97648148075316 	 0.12331180882095161 	 8.379356950085025e-5 	 1.2791249262049954e9 	 9.543511807944629 	 0.017627943198636052 	 4.263749785828329e8 	 47.69993109652441 	 0.9978465436201024 	 0.9969485961588563 	 0.9975396869714055 	 0.9999999814867311 	 0.9990762298382394 	 0.9976260485641018 	 0.9999999889476935 	 0.9987071485317935
0.000339322177189533 	 142.83610771900646 	 0.17933467194344602 	 0.00017752233357872264 	 8.783096457236491e8 	 9.539491745899866 	 0.025644599182432174 	 2.927698850877146e8 	 47.67181413031663 	 0.9968668617065232 	 0.9955591182283136 	 0.996418719107105 	 0.9999999729803677 	 0.9986553838737535 	 0.9965446163250768 	 0.999999983841565 	 0.9981184555399754
0.0004094915062380423 	 142.6321645118835 	 0.26064381248218366 	 0.00037590007118942336 	 6.030902963264908e8 	 9.533644927697358 	 0.03728853036476759 	 2.0103010195337608e8 	 47.630936108121794 	 0.9954435225516157 	 0.9935389672556605 	 0.9947883149839528 	 0.9999999606011442 	 0.9980433013192531 	 0.9949718474954184 	 0.9999999764091204 	 0.9972625806561897
0.0004941713361323833 	 142.33618840231665 	 0.3784669523847864 	 0.0007953662065095431 	 4.141112479479325e8 	 9.52514642322566 	 0.05418033122732796 	 1.3803708582435763e8 	 47.571551784900905 	 0.9933778769652459 	 0.9906041486991627 	 0.9924183591173237 	 0.9999999425916042 	 0.997153623182136 	 0.9926859501852332 	 0.9999999655930076 	 0.996019234036015
0.0005963623316594642 	 141.90733330163502 	 0.548810120431942 	 0.0016810818832845012 	 2.8434900266018826e8 	 9.512804548203922 	 0.07864160033074656 	 9.478300405766504e7 	 47.4853811406885 	 0.990384856186604 	 0.9863453120863794 	 0.9889763603569562 	 0.9999999164035466 	 0.9958615962832341 	 0.989366625238377 	 0.9999999498582307 	 0.9942150545248462
0.0007196856730011522 	 141.28738761677698 	 0.7942590316650383 	 0.0035474922563439814 	 1.952479068247354e8 	 9.494904248674857 	 0.11397236056019726 	 6.508263877321304e7 	 47.360548882814086 	 0.9860581959382815 	 0.9801752433707736 	 0.9839836602816361 	 0.999999878349328 	 0.9939876777376955 	 0.9845531150059592 	 0.9999999269793118 	 0.9916014057115122
0.000868511373751353 	 140.39424124627834 	 1.1461940288756345 	 0.007468781786258305 	 1.3406674230462259e8 	 9.468990812933912 	 0.16480897295169855 	 4.468891725787143e7 	 47.18014509171761 	 0.9798248419662235 	 0.9712575387671444 	 0.9767548791085134 	 0.9999998231075305 	 0.9912748925278877 	 0.977586406683533 	 0.9999998937364566 	 0.9878242397565825
0.0010481131341546852 	 139.11385540295936 	 1.6471832404585833 	 0.015671629695239216 	 9.205676638537966e7 	 9.431579382041782 	 0.2375506957362598 	 3.0685591938986573e7 	 46.9203462144725 	 0.9708889066639694 	 0.9584133837875038 	 0.9663164377854718 	 0.9999997430311042 	 0.9873584231945078 	 0.9675319197686577 	 0.9999998454850356 	 0.9823847560944324
0.0012648552168552957 	 137.2915618638301 	 2.3528038634472996 	 0.03272229107525733 	 6.321066499133236e7 	 9.37778227194765 	 0.3407894506460796 	 2.1070224789704975e7 	 46.548121909092266 	 0.9581709457052914 	 0.9400076185831223 	 0.9513017537544899 	 0.9999996271959598 	 0.9817265955182121 	 0.953081042758467 	 0.9999997755535046 	 0.974591388974294
0.0015264179671752333 	 134.72528263678817 	 3.3310683158905885 	 0.06783566800348857 	 4.34035228569606e7 	 9.300868272575611 	 0.4855577119848683 	 1.4467844052609788e7 	 46.018783650892836 	 0.9402606374493662 	 0.913826782684282 	 0.9298268602374182 	 0.9999994601291621 	 0.9736747431120121 	 0.9324364431187888 	 0.999999674417384 	 0.9635084819280476
0.0018420699693267163 	 131.1668018714741 	 4.655630918478619 	 0.1391627445840731 	 2.980297168756378e7 	 9.191822957322449 	 0.684970523294669 	 9.934326959795525e6 	 45.274144263317794 	 0.9154256597283257 	 0.8769878575405037 	 0.8993657710717968 	 0.9999992201772392 	 0.962259177790035 	 0.9032021428563416 	 0.9999995285966722 	 0.947917753338846
0.0022229964825261957 	 126.3433967469858 	 6.3857754088547445 	 0.2811481434172405 	 2.0464169075188775e7 	 9.039095007120954 	 0.9524176503245707 	 6.821392704761317e6 	 44.24305738528017 	 0.8817626538821647 	 0.8259682825384045 	 0.8566787160292627 	 0.9999988775410515 	 0.9462706331380328 	 0.8623333962934551 	 0.9999993192440592 	 0.9263295914236909
0.0026826957952797246 	 120.02062867613346 	 8.522668997092984 	 0.5553955049026368 	 1.4051691238538377e7 	 8.82892644970069 	 1.296866357427945 	 4.683900022488277e6 	 42.84776589107547 	 0.837635450580824 	 0.7569375427952639 	 0.7979110974807668 	 0.9999983921260469 	 0.9242688360843337 	 0.8062647792400828 	 0.9999990204427462 	 0.8971159729233201
0.0032374575428176433 	 112.1324132551455 	 10.932174723366183 	 1.0615971322864506 	 9.648570992190558e6 	 8.546985061109945 	 1.7133959793789508 	 3.2161931797251706e6 	 41.02152932617068 	 0.7825828404477148 	 0.6666926733022904 	 0.7190867216615672 	 0.999997711497399 	 0.8947533971958828 	 0.7314335915553957 	 0.9999985973244713 	 0.8588795337848691
0.003906939937054617 	 102.9868963438575 	 13.243592776280757 	 1.9330236904146654 	 6.625173884587895e6 	 8.18231688801004 	 2.1680880666707796 	 2.208394022301617e6 	 38.743496373379365 	 0.7187554029206806 	 0.5545741604261192 	 0.6173452302192517 	 0.999996769164159 	 0.8565775861470236 	 0.6355193396010247 	 0.9999980041944636 	 0.8111837039955165
0.004714866363457394 	 93.47200144418198 	 14.797825447017024 	 3.276008879075656 	 4.549162142691293e6 	 7.734383725873079 	 2.5819763322989497 	 1.5163899590249972e6 	 36.08994229706634 	 0.6523500410722157 	 0.42548710836574166 	 0.4932934834344 	 0.9999954825344431 	 0.8096850602243573 	 0.5196833502344662 	 0.9999971827043902 	 0.7556254806583218
0.005689866029018299 	 84.98967641101137 	 14.839459797984217 	 4.991618747262646 	 3.123671510702947e6 	 7.221877991416287 	 2.833011220749558 	 1.041226244193631e6 	 33.276378736332 	 0.5931510831138681 	 0.2929822375447419 	 0.35438154977553654 	 0.999993747307354 	 0.7560326618980596 	 0.3915340480184603 	 0.9999960592767032 	 0.6967170928187701
0.006866488450042998 	 78.67576213500247 	 13.186547493272107 	 6.5013892375913835 	 2.1448604465591963e6 	 6.686666453242981 	 2.812562390123349 	 714955.7110752071 	 30.620769876091334 	 0.5490856712938323 	 0.17876767712479832 	 0.21762322988714886 	 0.9999914215639528 	 0.7000032739238152 	 0.26690585375377196 	 0.99999453906704 	 0.6411158478807042
0.008286427728546842 	 73.99340835679529 	 11.060074167232761 	 6.789870287417375 	 1.4727613450008603e6 	 6.18023058125854 	 2.5499920649500343 	 490922.5084104787 	 28.351160841342878 	 0.5164070762885445 	 0.10295575480602534 	 0.10715932001111013 	 0.9999882959587371 	 0.6469863078615051 	 0.16616113751016096 	 0.9999924922653981 	 0.5935963920813061
0.010000000000000002 	 68.76567677055364 	 10.340437369802032 	 5.585351708284221 	 1.0112656012970486e6 	 5.72876348777857 	 2.2751127254408905 	 337090.4433535107 	 26.368704713451823 	 0.4799222373816151 	 0.06609463217404281 	 0.04156122932433194 	 0.9999840684376444 	 0.599723827264529 	 0.10179542059521705 	 0.9999897332918707 	 0.5520891391133932
